300
1000000015500.182 999999977304.1459
1000000029113.758 999999939686.4277
1000000031135.915 1000000043351.588
999999990700.9065 999999925928.843
999999970252.2959 1000000064899.511
999999994604.0886 999999941030.3043
999999983324.6709 999999943617.1077
1000000004495.92 1000000098585.33
1000000040129.207 1000000006819.731
999999991106.2162 1000000002415.86
999999997312.5332 1000000016289.527
1000000059941.31 1000000031152.323
1000000006919.73 1000000022077.872
999999998651.0393 1000000023498.065
1000000005516.15 1000000022705.888
1000000038804.594 1000000013722.056
999999949652.6687 999999970471.9467
1000000013471.128 1000000001177.586
1000000021032.122 999999961957.6888
999999932521.1989 999999968995.6091
999999932730.6547 1000000038703.005
1000000023609.005 999999960205.5002
1000000002156.133 1000000018954.919
1000000042629.567 1000000007886.602
999999983369.6257 999999975277.7944
999999946030.1664 999999973878.0077
1000000046388.584 999999994249.337
1000000001728.18 1000000064273.001
1000000064056.296 1000000057272.258
999999919286.8108 999999922301.8469
1000000012310.85 1000000005593.892
999999931797.2883 1000000071437.951
1000000043421.731 1000000047654.09
999999985839.1049 999999933602.7649
1000000059324.961 1000000001109.698
1000000022943.399 999999972926.2167
1000000037851.881 999999993984.3545
999999934199.3843 1000000012507.427
999999977480.9678 999999980268.6772
999999963623.3083 999999977639.9921
1000000051278.28 999999865637.3147
1000000016214.091 999999978735.2162
1000000017847.529 1000000111784.287
1000000064834.644 1000000022872.111
1000000027868.778 1000000054013.036
1000000017941.831 999999968028.199
1000000000872.127 1000000021101.942
999999951586.0365 999999896729.1385
999999973688.5654 1000000017434.933
1000000053774.806 999999976072.2205
1000000002855.312 999999996076.1964
1000000050087.006 999999981110.1981
1000000078950.674 1000000078160.133
999999996165.1675 1000000061238.705
1000000089571.929 1000000092935.339
1000000097768.447 999999974722.6783
1000000064327.868 999999992641.3651
1000000046703.52 999999967435.0183
1000000037827.961 999999979268.2098
999999989612.5204 1000000007560.862
999999982618.8097 999999993805.8396
999999961553.6531 999999919737.8633
999999938494.8861 999999938860.1334
999999895620.6807 1000000056590.138
999999992709.3274 999999972617.4048
999999911174.3771 999999954154.7799
999999979541.0892 999999973440.4835
999999979280.0574 1000000013131.294
999999901732.8977 999999981879.8239
1000000012853.203 1000000023111.729
1000000061062.979 999999931877.4021
1000000004147.058 1000000014271.455
999999992065.6931 999999936431.9729
1000000004893.65 999999909745.0897
999999987816.2522 999999999485.8469
1000000022065.074 999999920020.736
999999969383.485 999999929708.1219
1000000006784.297 1000000006563.171
999999909860.9318 1000000027032.595
999999959236.4979 1000000053157.861
1000000003259.891 999999977200.6163
1000000044885.43 999999880620.7789
1000000059530.899 999999910596.979
999999957748.7383 999999939038.9263
1000000010428.937 999999968931.3282
999999948068.3784 999999972341.6217
999999966225.114 1000000133406.242
1000000094226.559 1000000060283.626
1000000036672.388 999999968971.7252
1000000142822.417 1000000042298.347
1000000100377.023 1000000024744.974
1000000044301.367 999999952362.4178
999999995164.873 1000000005500.884
999999975579.6719 1000000066474.794
999999958305.2626 1000000052323.351
999999962904.1348 1000000000384.749
1000000036973.948 999999939047.1608
1000000040836.988 1000000032020.456
999999986430.545 1000000024044.818
999999924099.1504 1000000067926.432
999999986752.0428 1000000015390.621
1000000034901.106 1000000076356.592
999999984148.5165 999999906029.8655
999999937450.755 999999970441.0182
999999983197.5334 999999994516.2313
1000000007128.257 1000000030137.115
1000000142986.583 999999987359.5085
1000000012516.662 1000000113694.564
1000000096240.133 999999996404.5787
999999887370.516 999999962377.4835
999999969591.9364 1000000013551.389
1000000023127.72 1000000041609.394
1000000010728.819 999999988066.875
1000000052782.045 999999961612.3667
1000000077519.732 1000000019515.697
1000000018682.143 999999983702.5952
999999934362.1439 999999977035.5577
1000000013121.649 1000000019913.555
1000000025259.331 1000000060331.345
999999935158.9967 1000000060484.192
999999903939.6288 1000000030628.868
1000000020230.451 999999968420.1731
1000000044701.939 1000000015876.595
1000000057557.208 999999984878.0857
1000000015413.791 1000000055863.465
999999917843.3196 1000000001636.443
1000000064106.875 1000000007879.624
999999975980.7975 999999936455.4861
999999970362.0676 999999995375.9948
999999953012.6718 999999942003.5746
1000000049073.996 999999873985.6165
999999843135.2737 1000000033315.072
1000000009532.326 999999985684.6854
1000000070514.414 999999973702.2241
999999995074.0037 1000000017969.933
999999985386.3423 1000000025509.269
999999966173.0786 999999949388.4449
1000000036358.375 1000000002721.561
1000000011761.514 999999978126.3125
1000000047512.904 1000000081767.34
999999981869.4729 1000000008309.499
1000000048551.367 1000000009469.6
1000000084214.602 999999996547.7961
999999954932.3094 1000000006352.596
1000000016307.915 999999971829.6676
999999959555.5006 999999939332.8176
1000000098706.156 1000000040640.273
999999941500.0029 999999974540.7557
999999975673.6052 1000000018541.974
1000000093231.299 1000000041139.111
999999949914.7838 1000000051791.032
999999884765.8975 1000000010172.241
1000000079778.901 999999970103.2858
999999926772.6088 999999964662.119
1000000033544.173 1000000026734.019
1000000079521.017 999999986436.3837
1000000108876.375 999999934338.588
999999979782.6802 1000000104551.854
1000000046980.125 1000000029585.276
1000000056047.013 1000000033618.603
1000000024763.31 1000000021076.392
1000000034185.466 1000000034810.652
999999971444.4637 1000000030090.274
1000000063987.1 999999868043.036
1000000095812.165 999999980799.7593
999999893010.9611 1000000099115.862
999999969269.8148 999999950678.146
1000000007014.772 1000000033168.901
999999965613.2751 999999984710.7582
1000000010662.685 1000000055591.088
1000000000654.259 999999994063.4054
1000000076664.798 1000000004547.332
999999960086.608 999999957209.072
1000000033685.801 1000000017471.913
999999957166.959 999999975304.6483
999999934464.9926 1000000010764.997
1000000070047.096 1000000097479.235
1000000042138.06 1000000037844.265
999999982059.4906 999999963486.4674
1000000017964.252 999999981482.5059
999999990419.3604 999999993482.111
1000000048582.268 999999911164.3442
1000000022779.28 1000000008686.089
999999995729.5476 999999965167.3458
1000000049128.865 999999945456.7507
999999996264.3766 1000000030866.329
1000000015988.926 999999945356.4739
999999962206.4873 1000000037085.835
999999965595.4053 999999991413.8176
1000000061357.567 1000000044886.913
999999992414.6732 1000000001522.152
999999932386.1168 999999923263.7325
1000000063471.095 1000000046857.078
1000000006408.591 999999979515.8671
1000000051147.567 999999998909.0637
1000000017405.224 1000000000082.457
999999979895.55 1000000018028.863
1000000049194.649 1000000007108.561
1000000040438.432 999999976357.2223
1000000049481.393 999999993216.7965
1000000039427.118 1000000087604.459
999999912841.5948 1000000002068.684
999999936489.2875 1000000062906.177
1000000013433.551 1000000015618.697
1000000046864.268 1000000016106.768
1000000099347.854 1000000046873.865
1000000016260.154 999999964081.425
999999992634.7217 1000000043827.18
999999915491.4679 1000000028347.652
999999985864.8813 1000000021124.455
1000000048577.417 1000000039491.206
1000000011174.656 999999957341.796
999999997969.6245 1000000025265.084
999999970536.9263 1000000028246.779
1000000009628.637 999999909146.2493
999999970180.3173 1000000068116.931
999999976366.2075 1000000016683.93
999999941542.2566 1000000104508.292
1000000038218.386 1000000019603.484
1000000052620.646 999999957176.2534
999999972091.1968 1000000002435.838
1000000045779.747 1000000103470.072
999999930750.0635 999999975775.4812
999999973046.5431 999999995303.6709
1000000039430.552 1000000014187.431
999999932356.1774 999999930043.7244
1000000001988.251 999999959632.9208
1000000003582.825 1000000000893.014
1000000005123.81 999999879919.0345
999999989248.7842 999999992006.9875
1000000063072.318 999999869937.5785
1000000007064.05 1000000059253.595
999999920586.8601 999999903822.0741
1000000058437.89 999999916187.8401
1000000020402.427 1000000017373.139
1000000108056.593 999999951499.7784
999999988851.5599 999999986072.6276
999999987883.1929 1000000007826.528
1000000031572.136 999999980285.3253
999999996843.7426 1000000049512.124
999999931445.9641 1000000041215.584
1000000029358.925 999999980456.7622
999999977750.1251 1000000062926.417
1000000003783.439 999999993002.3381
1000000014411.308 999999910203.6973
1000000001145.059 1000000070923.17
999999986473.2998 1000000011967.066
999999960419.386 999999984933.0535
999999997843.0715 999999956553.4662
1000000067871.864 1000000124888.547
999999993776.9271 1000000021747.355
999999998993.8523 999999980845.0842
1000000074509.563 999999966925.1725
1000000006894.222 999999975610.7871
1000000008621.216 999999999816.0826
999999986730.5276 1000000014985.748
1000000036517.854 1000000057665.233
999999902504.0929 999999986866.1121
999999973940.1289 1000000016682.059
999999955953.272 999999930027.1267
1000000031680.289 999999950354.6042
999999940867.5144 999999968527.2531
1000000059991.852 999999950524.4208
1000000091163.246 1000000062645.527
999999981222.2649 1000000064100.763
1000000016196.156 999999993003.2513
1000000081904.558 999999982639.0665
999999930969.7524 999999969323.226
999999972552.0182 999999958778.9562
1000000078680.785 1000000061716.846
999999952981.7028 999999966300.4166
999999981083.8195 1000000036228.535
1000000013273.589 999999901720.985
1000000022376.748 1000000053826.276
1000000060220.874 999999982700.0708
1000000026818.416 999999992869.2941
1000000013753.503 1000000071853.308
999999985580.0193 1000000028127.667
999999967614.1776 999999978899.3541
1000000067589.228 999999988115.9581
999999965375.1969 999999974413.0891
999999994040.3538 999999997619.7537
999999906890.7324 1000000115819.21
1000000024255.415 999999904168.0605
1000000129841.835 1000000053393.664
1000000024487.866 999999974914.3588
1000000029981.302 999999923333.3345
1000000025180.764 1000000051567.949
1000000018895.43 999999989298.2463
1000000026635.804 1000000066426.787
1000000001177.928 999999946038.5168
999999927567.5369 1000000044678.473
999999996109.2904 1000000058174.435
1000000031749.177 1000000160177.214
1000000046167.401 1000000028425.857
1000000058827.028 1000000047335.157
999999969069.9728 1000000003314.695
999999898080.1792 999999996507.201
999999981001.8563 999999973881.2815
1000000006528.367 1000000042997.882
