300
999999965447.2131 999999968090.4734
1000000050193.859 1000000137266.471
999999942466.9578 999999972161.4336
999999974661.9703 999999985945.4188
999999978205.4436 1000000025061.04
1000000048971.649 999999943434.7278
1000000019527.661 999999995513.8627
999999991460.0455 999999927104.6533
1000000011069.081 1000000007336.763
1000000016634.565 1000000028394.209
1000000070665.998 999999986879.9517
1000000046872.812 1000000096017.771
999999991603.2765 999999997812.6744
1000000080297.464 1000000023520.089
1000000026823.097 1000000036347.438
999999980501.7081 999999965888.8699
1000000073016.307 1000000015709.811
1000000034106.366 1000000002157.751
999999989112.4081 1000000003741.837
1000000042207.045 999999947269.993
999999987537.8093 1000000010707.048
1000000014370.586 1000000018863.916
999999951727.7556 999999971439.1611
999999958473.7335 1000000015609.056
1000000009613.536 999999971981.7473
999999983180.5179 1000000070634.117
999999996774.1458 1000000065567.079
999999938648.0398 1000000022784.92
1000000022037.228 1000000017858.997
999999907977.0022 1000000054270.9
999999987063.6127 1000000022478.04
1000000008374.197 999999947695.8812
999999940810.0215 999999981292.9729
1000000010276.77 1000000005580.083
1000000085625.233 1000000029665.349
999999991104.8163 999999874655.0973
1000000011200.724 999999909677.2987
1000000046507.161 999999968803.5342
1000000041591.26 1000000025784.413
1000000022116.356 999999962789.8865
999999932869.235 1000000037504.528
1000000010388.122 1000000016323.303
999999995074.0806 1000000046361.001
1000000025990.894 999999974572.3011
999999914201.3832 1000000046373.385
1000000004645.495 1000000028134.904
999999980457.339 1000000077716.423
1000000051030.667 1000000099461.46
999999954241.3688 999999946772.8126
1000000062915.256 999999986144.4666
1000000040302.653 999999960283.9509
999999941327.389 999999975469.0085
999999912812.8878 999999972938.8596
1000000022190.85 999999985154.5331
999999855722.0797 999999962381.1628
1000000072273.207 1000000049471.321
999999988285.2493 999999908183.5227
1000000010197.822 999999944753.1819
1000000088331.95 999999956632.2332
1000000013079.658 1000000137803.21
1000000001089.069 1000000000396.575
1000000060447.677 1000000106080.096
999999982073.5669 999999992583.4709
999999925003.613 1000000012326.26
1000000030056.632 1000000098092.397
1000000042316.162 999999944640.5181
1000000003238.063 1000000057288.701
1000000002241.176 1000000024609.984
999999993569.4219 1000000106711.08
1000000041344.097 999999969109.1705
1000000106802.908 999999934002.8176
999999942120.316 1000000016026.809
1000000070844.677 1000000023620.395
1000000022879.953 999999951258.7115
999999949271.3857 1000000069024.381
999999985298.4808 999999960888.0482
1000000041807.454 999999962584.306
1000000076298.564 999999974530.2565
1000000045030.903 999999959759.4418
999999835133.126 999999927516.6136
999999934710.1862 999999989528.2345
1000000018809.662 1000000015406.839
999999994039.793 1000000014570.273
999999978741.515 999999986781.0907
1000000021705.35 1000000060916.24
999999939688.2251 1000000025341.318
1000000075999.931 1000000037291.001
999999946172.1631 999999935068.691
999999989342.9009 1000000013070.153
999999992403.1957 999999984186.6954
1000000034513.307 1000000031808.036
1000000000663.595 1000000054434.964
1000000052884.452 1000000026419.24
999999936656.7517 999999992291.4594
999999957907.6967 1000000099562.051
1000000014436.794 1000000029290.168
999999989454.0621 999999993942.6162
1000000066265.287 999999964492.5249
1000000037015.352 999999941994.2504
999999957311.224 999999974986.4502
1000000003511.631 999999983730.1312
1000000025950.189 999999945521.3716
1000000002340.389 1000000010282.447
1000000092618.164 999999917129.9945
999999934567.2819 1000000031436.473
1000000051899.968 999999976382.8478
1000000030681.513 1000000059990.355
1000000016130.273 999999859029.8604
999999994702.1371 999999901555.1233
999999941163.2462 999999919166.4208
1000000010744.682 1000000018359.369
1000000089384.644 999999984516.8843
999999879414.4045 999999981292.4703
1000000043642.552 999999983615.0856
1000000063802.645 999999932153.6288
999999990138.9569 999999965236.576
1000000010334.302 999999920626.7089
999999995848.3341 1000000002922.332
1000000059629.782 999999991289.2814
1000000005883.778 999999916349.8092
999999971388.0063 1000000001033.47
1000000058475.587 999999964996.9506
999999892063.9369 999999982588.0884
999999976154.8824 999999965620.2931
999999953998.6649 999999980171.1394
999999970028.7115 999999960313.116
999999975841.3705 999999981335.8098
1000000050165.455 999999933624.3901
999999974403.339 999999928002.7778
999999982385.9954 999999998262.0969
1000000024681.642 999999979972.422
999999954373.4109 1000000009583.25
999999981519.4791 1000000002942.299
1000000057129.719 1000000058852.636
999999936064.9635 999999962374.4135
1000000040033.145 999999989548.5609
999999893394.3685 999999946942.9928
1000000048147.694 999999869808.2101
1000000008324.13 1000000024469.331
1000000017101.662 999999862046.7319
1000000046197.739 999999973448.6931
1000000009779.421 999999963699.0332
999999939510.98 999999995646.457
999999972831.566 1000000152227.155
1000000047108.582 999999943687.454
1000000051016.94 999999969221.0126
1000000037228.906 999999957427.3077
999999993564.0071 1000000011046.866
999999948781.96 1000000019282.476
1000000007941.459 1000000027161.07
999999956756.46 1000000077138.804
999999960047.7089 999999981242.8851
1000000037570.34 999999936887.2274
1000000006284.762 999999951981.2726
999999980812.098 999999988436.7581
1000000019583.748 999999985022.0134
1000000034157.018 999999975572.7999
999999952090.0317 999999940659.0502
1000000103801.448 999999943107.2163
999999940009.6095 999999976016.8434
999999969694.6257 1000000038953.936
1000000025388.37 1000000009387.145
999999961108.2418 999999892568.9437
1000000043982.318 1000000073214.782
999999946948.4054 999999998631.5929
1000000054268.707 999999945293.9741
999999928161.8208 999999970689.2328
1000000022867.349 999999930899.243
1000000022709.085 999999945329.9316
1000000016475.17 1000000021656.479
1000000016567.126 999999994521.8516
1000000020661.873 999999921549.5107
999999910656.4379 1000000014816.77
1000000033599.471 999999964013.0121
999999971258.418 999999973474.8657
1000000052499.567 1000000048425.998
999999961876.1896 1000000024482.87
999999967537.6455 999999987208.8624
1000000021409.39 999999933304.7371
999999959645.6882 999999999599.7112
1000000076204.632 1000000055439.245
999999917531.2439 1000000034430.027
999999991882.0391 999999976342.0544
999999975732.6823 1000000019730.161
1000000002009.325 1000000022392.27
1000000015408.236 1000000002207.524
999999985503.0089 1000000080763.398
999999941290.9313 999999947909.1206
1000000029245.599 999999902176.6154
999999981087.3467 999999914362.2858
999999951894.0415 1000000036626.637
1000000030341.993 1000000068449.205
999999974926.147 1000000114740.411
1000000026413.228 1000000026550.47
1000000042384.854 999999991084.3052
1000000016514.957 999999968559.7798
1000000078650.859 999999948889.6348
999999961172.4225 1000000007841.541
999999986063.9564 999999941859.2288
999999957636.0822 999999935572.4142
1000000026668 1000000044928.234
1000000021182.077 999999980669.324
999999854251.9814 999999980132.8385
999999915740.5037 1000000064818.248
1000000112106.627 999999972119.5199
1000000091213.202 1000000074903.339
1000000019416.45 1000000026132.949
999999962377.9985 1000000025753.389
999999961714.2769 1000000049293.406
1000000063135.869 1000000047577.183
1000000038107.7 1000000039293.277
999999969669.0602 999999977705.7393
1000000039789.26 999999981747.0685
999999983626.4371 999999973366.5999
999999910613.0004 999999975565.4877
1000000011462.986 999999981889.9125
999999997965.874 1000000050140.178
999999977571.9491 999999969493.7343
1000000125777.589 1000000017997.445
1000000000478.937 1000000006244.37
1000000006491.843 999999998089.8304
1000000061737.107 999999999526.772
1000000040333.537 1000000016130.51
1000000056558.914 1000000034901.779
1000000005537.941 999999969681.3701
1000000036669.438 999999986711.7633
1000000084641.008 999999994906.277
999999968106.2505 1000000012738.203
999999879199.6348 1000000005274.103
1000000070006.146 1000000024571.686
999999992701.4081 1000000043196.876
999999967617.0988 1000000022063.397
999999989241.5391 999999969850.0385
1000000026533.635 999999939533.1711
1000000014277.494 1000000031075.735
1000000022083.436 1000000029927.288
999999976324.5461 999999961490.6685
999999978956.4508 999999927926.1167
1000000006737.144 1000000020192.879
1000000084937.289 1000000021441.426
999999934276.9802 1000000004852.035
999999918338.7866 999999969155.4579
1000000005235.145 999999969134.3992
1000000068373.563 999999962405.5947
999999878884.9379 1000000071047.965
999999983334.441 999999956300.3964
999999983452.1055 1000000027213.469
999999976532.8419 1000000038312.85
1000000015820.319 999999944038.0459
1000000003825.892 1000000111386.553
1000000036696.095 1000000090904.164
999999963536.021 999999879536.5812
1000000023024.265 1000000049757.227
1000000009708.438 1000000001468.946
999999931915.5651 1000000056283.017
1000000003355.729 999999935349.297
999999970447.6405 999999936082.9474
1000000038604.582 999999952773.0399
1000000064471.484 999999949820.0978
999999971822.9952 1000000012649.885
1000000005749.938 999999930164.0504
1000000069836.308 1000000073608.622
1000000076192.866 999999934995.6729
999999924098.3505 1000000028786.214
1000000059014.438 999999995799.2351
1000000031123.426 1000000048121.916
1000000005307.119 1000000025476.909
999999993760.395 999999939357.3566
999999924429.5232 999999940444.5035
1000000091664.354 999999988835.4596
1000000085333.364 999999949040.6637
1000000063062.157 1000000048845.334
999999958594.0928 1000000003758.075
999999989028.6454 1000000028739.88
1000000002723.604 999999989925.2684
1000000017943.752 999999925601.5902
999999966064.4702 999999975171.6538
999999923600.5775 1000000018530.653
1000000082641.345 1000000035464.752
999999949536.6627 1000000007288.85
1000000049585.247 999999945654.8728
999999999031.9254 1000000041544.542
999999979098.1433 999999962197.687
999999950852.4169 999999945844.1892
999999984309.4529 999999983403.6349
999999979479.7828 999999991041.4438
999999901843.2183 999999980191.5885
1000000043636.551 1000000030856.202
1000000061647.521 1000000025060.17
999999939825.0731 999999927137.037
999999969551.1925 999999958445.4208
1000000004430.521 1000000003401.518
999999902403.3339 999999985426.3053
1000000098377.326 999999977112.4935
1000000064567.965 1000000004093.435
1000000115978.619 999999923435.5277
1000000017719.773 999999919058.7642
1000000134729.448 999999930759.8708
999999993091.6475 999999938350.4043
1000000011084.567 999999994390.3687
