300
999999933848.0018 999999934572.3678
1000000085214.533 1000000057525.673
1000000073212.989 1000000038550.467
1000000017017.528 999999986600.5651
999999969374.5968 999999919003.1592
1000000015294.927 999999940012.4231
1000000048232.724 999999924651.5312
999999928563.2009 1000000001602.49
1000000005208.514 1000000038098.136
999999941148.2068 999999984855.3788
1000000035347.695 999999964032.3993
999999986183.6661 999999987367.3143
999999867859.2362 999999884600.1654
999999938929.2826 999999999522.025
1000000034859.099 999999986766.2218
1000000010592.029 999999934097.9148
999999887002.7555 999999962552.5752
999999924619.507 999999998203.6406
1000000061892.811 999999873375.6262
1000000000978.588 1000000003681.445
999999957652.3043 999999962085.4886
1000000001738.017 1000000029055.801
999999994366.9359 1000000003623.871
1000000089654.705 1000000079732.345
999999904395.2145 999999975352.3041
999999938561.1263 1000000043082.341
999999941969.246 999999904621.7941
999999922026.7047 999999991226.9281
999999995403.8486 1000000079468.815
1000000029265.262 1000000022560.502
999999911484.7402 1000000028804.263
999999921895.5028 1000000026606.299
1000000075828.346 1000000086100.069
1000000038752.787 999999973441.6221
1000000014824.354 1000000008584.558
1000000005054.996 999999962325.1892
1000000017799.056 1000000042911.633
1000000012193.936 999999917253.5574
1000000135667.219 999999941824.2692
999999937259.6926 999999989800.1302
1000000013278.806 1000000010517.471
999999969334.8528 1000000066311.169
999999895448.9803 999999994406.5731
1000000046885.881 1000000006569.289
999999929138.767 1000000095045.753
1000000018635.616 999999934748.0596
1000000049175.838 1000000047877.651
999999916878.879 999999983738.7633
1000000052233.579 999999980124.0229
999999971958.7268 1000000027943.787
999999897051.1307 999999932186.795
1000000017486.037 999999944372.9502
999999953411.3251 999999910027.1389
1000000009744.998 1000000047338.555
1000000081829.27 999999983798.9763
1000000029348.327 1000000019095.875
999999994862.9027 999999929633.7159
1000000081289.159 1000000038378.289
1000000052210.852 1000000012813.333
1000000002998.117 999999986434.646
1000000083119.281 999999967833.4576
1000000005081.758 999999992669.8779
1000000043101.217 1000000027500.459
1000000066177.101 1000000054989.325
1000000019851.321 999999987860.0664
1000000081165.649 1000000099576.33
1000000079405.405 999999936737.7264
999999952823.7886 999999958245.8063
999999989681.7631 999999960053.8801
1000000037115.409 999999983354.5077
999999978486.2766 999999982851.3762
1000000056183.767 999999955353.0201
999999966427.3936 1000000019758.575
1000000011695.529 999999996855.0129
1000000067302.695 999999999258.2896
1000000017030.147 1000000026566.417
999999987547.6725 999999974614.9055
999999934294.6868 1000000029468.294
1000000069755.09 1000000089851.829
1000000023865.881 1000000032936.709
999999929030.4738 999999999324.4896
1000000001056.811 1000000008203.213
1000000003526.826 1000000015206.055
999999960251.0143 1000000030734.057
1000000009426.265 1000000009778.257
1000000051589.873 999999970936.7759
999999984802.877 1000000042990.703
999999976247.2126 999999940834.4877
999999935011.3439 999999962717.2205
1000000109676.909 999999976418.8226
1000000017745.993 999999960691.798
1000000008182.101 999999975361.9349
1000000069072.701 999999975617.8315
1000000017739.776 1000000006116.199
1000000009796.76 999999962775.8295
1000000029149.006 1000000060876.385
999999945230.3303 1000000010979.019
1000000002256.382 1000000019816.407
1000000002230.589 1000000062900.167
1000000029282.129 1000000005479.546
999999968743.8085 999999944708.2479
1000000097566.477 1000000004478.334
1000000065277.293 999999999728.077
1000000043387.338 999999986671.552
1000000000291.482 1000000063915.343
999999947404.8512 999999946084.0083
999999953372.2646 1000000067309.017
1000000020255.505 999999853619.3032
999999976731.7772 1000000035039.668
1000000019230.844 999999988894.5991
1000000063719.655 1000000033528.988
999999992147.5021 1000000045729.483
1000000063643.179 1000000044581.502
999999996544.8102 1000000119301.24
1000000002710.592 999999996261.0282
1000000054225.168 999999954861.0654
1000000036465.822 999999946144.7145
1000000012545.007 999999931421.1714
999999964010.8036 999999979815.3018
999999997834.5031 999999992775.9115
1000000010796.27 999999975253.767
1000000112931.529 1000000076430.336
999999995118.6315 999999993172.0924
999999979090.8831 1000000025563.254
999999987833.2654 999999973179.4349
999999988183.2863 1000000064705.251
1000000003257.3 999999979374.3755
999999977471.1139 999999952373.9084
1000000009118.739 1000000007371.29
1000000023012.111 1000000029424.475
999999938572.2872 999999951089.5945
1000000062280.222 1000000022640.34
999999972168.0514 999999920947.894
999999915436.3214 999999931696.6969
1000000077445.833 1000000007961.347
999999972928.3151 1000000060235.48
999999925968.0142 1000000024302.002
999999959166.1068 1000000058991.484
1000000041343.797 1000000003413.903
999999980215.7273 1000000014228.455
999999960362.39 999999890539.4769
1000000024331.984 1000000008487.733
999999998129.5659 999999950622.7479
999999892128.0541 1000000033629.898
1000000016378.044 1000000040340.758
1000000023480.204 1000000133373.147
1000000035787.209 1000000006654.209
1000000016509.936 999999994436.3059
999999960754.4102 1000000001112.402
1000000083861.652 1000000009047.429
999999990409.3107 999999941343.9868
1000000017085.708 1000000030577.242
999999963817.795 1000000002977.826
999999974176.7241 999999987669.3347
1000000050300.33 1000000023935.562
999999946119.6262 1000000014248.183
999999996319.6719 1000000037420.854
999999985282.6218 1000000004242.131
1000000043168.156 999999994048.9736
1000000024493.092 1000000089169.741
999999976389.1318 999999937660.8959
999999925187.127 999999980917.6775
999999973199.3221 999999965477.3733
999999999179.5537 1000000025311.91
999999977113.0317 999999994399.0388
999999953011.0355 999999976102.2896
1000000089159.944 1000000005097.318
1000000084431.869 1000000069318.42
1000000060468.646 1000000060955.211
1000000017512.461 1000000042570.165
1000000076771.009 1000000025856.251
999999955021.6423 1000000014608.636
1000000037011.954 1000000029286.444
999999986302.1522 999999955447.6337
1000000000520.645 1000000020493.419
1000000047216.081 1000000067965.706
1000000044381.82 1000000022994.439
999999997246.9045 1000000050491.266
999999996386.4698 1000000007484.735
1000000003996.356 999999961080.6582
999999997786.347 1000000084037.084
1000000002423.123 1000000063623.618
999999887241.2692 1000000071533.378
1000000037186.836 999999988449.1757
1000000051439.513 999999968688.4716
1000000109574.528 1000000020161.773
1000000089389.523 999999953330.9554
1000000011555.446 999999966590.6898
1000000010210.783 999999954129.124
999999977861.1824 1000000021210.682
999999989317.0502 999999942259.8798
1000000028553.546 1000000032726.697
999999970344.6121 999999994239.6553
1000000142318.579 999999989706.3174
999999945759.0382 999999955668.6221
1000000010159.555 999999912725.4778
1000000095342.857 999999989846.3751
1000000000455.797 999999889488.5061
1000000050629.122 1000000047822.751
999999964623.1896 999999981687.9696
1000000006924.411 1000000074635.634
999999909428.4901 1000000062999.318
999999983340.0746 1000000055939.261
1000000040502.978 999999927181.3723
999999980174.8691 999999951826.4369
999999984629.8979 1000000046457.351
999999988115.7418 1000000039508.863
999999982378.4491 999999940100.299
1000000034850.193 999999976587.0717
999999962978.5226 999999983736.194
1000000104228.076 1000000044439.785
1000000015778.63 1000000067597.791
999999960288.4619 999999961759.6362
1000000018542.745 999999979556.8921
1000000117588.401 1000000111088.176
1000000084825.058 1000000037149.813
1000000030505.033 1000000019467.02
999999991963.5853 999999905487.5157
999999943885.8813 1000000071257.171
999999991310.5305 1000000075509.984
999999994004.4142 1000000036103.34
999999983581.1594 1000000030749.925
999999974843.1884 1000000121663.2
1000000010206.484 999999934992.0095
1000000046050.043 999999985712.3442
1000000016731.962 1000000023709.578
999999915582.0382 1000000034899.74
999999999912.2368 1000000057177.151
999999994973.6553 999999968089.1797
999999939037.3589 1000000028265.726
1000000050934.67 1000000021499.328
1000000004992.179 999999976285.3325
1000000034288.017 999999983949.4352
999999965390.4636 999999981310.5234
1000000010567.77 1000000092963.741
999999999847.5833 999999999362.4612
999999937116.8086 999999986515.4155
1000000114507.083 999999912807.069
999999991044.8652 1000000022733.239
1000000043107.321 1000000083432.353
1000000006359.139 1000000020586.383
1000000048432.307 999999974323.5656
999999972391.8905 999999967709.2449
999999936240.7637 1000000090290.113
1000000014369.48 1000000073314.987
1000000093363.31 1000000000207.822
999999963938.0255 999999982014.1855
999999991733.9725 999999977051.1047
999999984675.8309 999999942674.9819
1000000005368.189 1000000053477.545
1000000026770.429 999999982810.7166
999999984161.7753 1000000133725.874
999999963182.5466 1000000005299.888
1000000013192.638 1000000049216.536
999999977146.0256 999999981811.1266
999999891262.6588 999999997550.2992
1000000005984.218 999999944957.9401
1000000015443.312 999999936362.1058
1000000043946.895 999999986829.3005
999999898070.6831 999999983649.749
999999949182.2701 1000000019445.259
999999933097.8357 1000000003947.541
1000000018344.963 999999974069.5795
999999936802.6313 999999980140.0172
1000000063230.657 999999970898.2483
1000000020013.929 999999973713.692
1000000057880.205 1000000080958.311
1000000022281.859 999999993696.9521
1000000060902.234 1000000082373.492
999999930066.6788 999999981926.6472
1000000009598.368 999999963018.9083
999999947638.9506 1000000079082.654
999999986564.7643 999999987968.5983
1000000058653.542 999999953202.9098
1000000005661.151 1000000073317.104
1000000008831.55 999999922614.1083
999999958749.9081 999999966330.1775
1000000051483.451 1000000030253.712
1000000002529.299 999999935646.2924
999999952012.1534 1000000061157.14
999999947604.1747 1000000081154.32
999999940312.8441 999999995626.1332
1000000017983.649 999999968656.7689
999999999824.167 1000000097866.679
1000000011023.458 1000000006109.568
1000000002703.075 1000000014444.857
999999975777.4717 999999975918.9777
999999994268.0715 999999907131.9019
999999969387.5007 1000000109644.107
999999969338.6818 1000000050495.806
999999980850.7362 999999928547.9996
999999990877.0168 1000000018947.782
1000000001195.955 999999982099.3239
1000000000086.066 999999959470.9335
1000000034346.782 1000000022286.868
999999896143.0099 999999995505.2131
1000000080920.763 1000000018980.256
999999945319.0885 999999938902.7866
1000000053335.06 999999992585.542
999999997454.3739 999999995899.2604
