300
1.763306927313779e+16 8.209519861470331e+16
1.388275546749772e+17 6.3060348066731e+16
-1.556704306388121e+17 3.726691322779172e+16
-7.980746061314435e+16 6.543177983226477e+16
1.065940568408354e+17 -1.339592755654886e+17
-1.323793487192454e+16 -7.629585505876925e+16
-1.356014386066087e+17 -1.007819286074423e+17
-1.016971199082076e+17 6.800698889632422e+16
-5.965008078359971e+16 6.88790964306488e+16
-7.69069546567041e+16 2.398727145047864e+16
-5064598230639511 4.34436959872575e+16
-8.959417070212306e+16 4.356058556468922e+16
1.484233834342478e+16 -9.768524660460331e+16
-3.579553812551228e+16 1.032011874239857e+17
3551900473710462 -2759081016334182
-1.177213978310462e+17 2.538820268447911e+16
5705363709036704 2.137180615905522e+17
-2.90507845288756e+16 -1.59594386849446e+16
-4.069193352436034e+16 7.866254433977314e+16
8.54916837072352e+16 -3.318698991306462e+16
-5.404020743793564e+16 -2.482952580039189e+17
7888273540968435 -5631165816700653
-1.276508252991234e+17 -3.896978659143231e+16
-3.46517599831394e+16 -9.194077933209366e+16
5.085077011869299e+16 -2.307610475684276e+16
-4.594400783272315e+16 -1.515409905751755e+16
-5.333415986776564e+16 9.403977516178792e+16
7.999053428011152e+16 -4.462372454573691e+16
-9.634787204049016e+16 -7.882294283340382e+16
2.236321545027156e+17 1.302718086711604e+17
4.256706146862986e+16 6.367694142878942e+16
-4.861242385862588e+16 -4.401104443390947e+16
6.946827677413287e+16 2.626078344780702e+16
-5.981828671406306e+16 5820674711436835
1.365986736643078e+17 -5251240822261117
1.139072427703404e+17 -2.234897988690834e+16
1.203000705483297e+17 -1.576009782862938e+17
2.937070773145094e+16 -1.578553487848329e+17
-1.320287027343826e+17 -8.485428183866021e+16
4.962930776844332e+16 4.14720320211321e+16
1.325237761464194e+17 -1.525855405247704e+17
5.69601947447723e+16 2.852015629387326e+16
5151754178203319 6.662850312265923e+16
-5.983865312265341e+16 8.536985101609078e+16
2.885672533200488e+16 7964411563667104
-1.241692490890513e+17 4.824113723483698e+16
-7.818632924735813e+16 -7.105395063140942e+16
-1.484077438461872e+17 -9.855074619479331e+16
-1.891646804304077e+16 1.040976542586131e+17
-6.916695196913015e+16 1.576125640022226e+17
2.195867684914919e+17 -6.675810202404008e+16
3.757207637044821e+16 5.25683191884006e+16
-7.894436613932155e+16 -7.034629209602978e+16
-1.30984174639367e+17 1.20979463774685e+17
1.508500341533341e+17 1.030037891039403e+17
-4.631491125878235e+16 -6161022822047151
7.003462370949874e+16 1.521832533034106e+17
1.294652697474084e+17 -7.61411871247127e+16
-1.11813016284783e+17 9.224073089864699e+16
5.27821274778493e+16 -7.046332805227109e+16
-1.265558769711547e+16 5.777166969912356e+16
-1.761273379806028e+17 -3149061273768456
7.030536819792005e+16 -7.038874269585913e+16
4.683152471872596e+16 -1.485441069145824e+17
-1.445077645517509e+17 -1.732742762636695e+17
-1.231137386409445e+16 -2.793053692849792e+16
1.459721554693853e+17 6.664818075477169e+16
-2.073911696882228e+16 1.229892597253687e+17
1.380955699534539e+17 -1.029167092978371e+17
6.019526752825194e+16 9.941089079475067e+16
-1.155450786898564e+17 1.768256570127473e+17
-3.808499446650813e+16 3.719772818750503e+16
-5.067516582308918e+16 -2.176908884865336e+17
3.608534524986165e+16 8.545772814954942e+16
-7.926416718968856e+16 -1.399629349807932e+16
-1.109086520140147e+17 -2.357881273471107e+17
-8.066801444256654e+16 6.366234655193914e+16
2.128089359288001e+17 1.057333901718734e+17
9598501059324500 -2.484578624391456e+16
-6.867844486539263e+16 4.068932512524359e+16
-2.118409054099877e+17 5.795758947696212e+16
1.526907536943041e+16 -4.294276248728129e+16
-3.534131459707924e+16 1.629449194253031e+17
-1.810598532799242e+16 2.744997558466207e+16
-2.543893955540058e+16 -1435820007368370
1.961634736680612e+17 -4.300713287906091e+16
-4.445387508906814e+16 2923127903858538
-4.792524637179863e+16 1.473540511039666e+17
-6.111839453930746e+16 -2.186827474669937e+17
-2.966403593087176e+16 4.450539871762527e+16
1.102450295512688e+17 8.77382497715475e+16
-9.25646544310959e+16 1.179172936091764e+17
3209777646580348 -8.638241120052064e+16
-1.728402824960672e+17 -6.05585843476684e+16
1.155822199688631e+17 -2.403714491620157e+16
6.435957478007914e+16 8.207493846100442e+16
-3.780621013727802e+16 -9.919101223052936e+16
1.524852852218767e+17 5078416945435944
3.965433941189516e+16 1.722292953912099e+17
-3254528112472460 -7.441914994103504e+16
7.363764161601054e+16 9.447094462380416e+16
-1.433130707205227e+17 3.666207190363453e+16
1.936880834598898e+17 -1.140831818283369e+17
-4.471440187292514e+16 4.270258895496978e+16
-1.366615086441158e+17 1.92025479444815e+17
903492344309156 8.538515561479446e+16
2.263150792995544e+17 -3.424441868225001e+16
-4.584072029451275e+16 3.0683626474678e+16
7.04035415422319e+16 -5.103830823948458e+16
-2.060618691360376e+16 -1.427385747726268e+17
3.234668510510973e+17 -1.018920230237974e+17
3.218818503799603e+16 1.024967663467747e+17
-7.336224920165386e+16 -4.691082843718056e+16
2.44304343192873e+17 1.753655273195773e+17
6.929909517827378e+16 1.013284456381258e+17
5.048156063660521e+16 6.730248278043922e+16
1.62205998236233e+16 -5.550780989916418e+16
-9.59358182145487e+16 1.087652386795617e+17
-2.067190893529473e+16 -7.514846500195174e+16
1.890207992910795e+17 4.804805404959271e+16
-1.731519775674433e+16 -1.038953197352331e+17
-1354055524576910 2.853831873143973e+16
3.434296342922473e+16 8.98796723357473e+16
8.658617663464235e+16 9.908398715294843e+16
1.124936933658916e+17 -6.362905755010033e+16
-6.282018899406271e+16 7229704339668003
-2.298680743314095e+17 1.485289633275635e+17
-1.745076945618967e+16 1.216224934412111e+17
-1.777149746756452e+16 -6.889713534339781e+16
-214146147091546.1 7.867543404757544e+16
3.666345933802219e+16 -1.671060295621803e+17
1.418630847670808e+16 -2.656474299679578e+16
-1.966973260614599e+17 2.917566307062454e+16
8.491711622213861e+16 1.91959269971416e+17
5.905847526524794e+16 -1.534333055004242e+16
1.516337906024306e+16 -1.828901837557328e+17
-2.43977420722369e+17 3.565989614118879e+16
4.47156199663151e+16 -8.150970521920461e+16
-1.288423853705081e+17 -1.38247708461871e+17
2.029796505626018e+16 4507713502880260
8.833962989780096e+16 -3.668932956530787e+16
-1.778287328760262e+17 1.548870796505419e+16
-1.015539744962007e+17 -1.104843135870258e+17
1.097993036088582e+17 8637762240938485
-2.202456972514757e+16 2.042163794787693e+16
-1.368876432368926e+17 -1.212769195530102e+16
1.646425899982205e+16 -8.856457991975066e+16
6.035656761147551e+16 -2.239040272973862e+16
-3.442878517021558e+16 1.330856831549803e+16
-9.947383101546606e+16 -1.427806786739918e+17
-4.129319649323594e+16 5.903470867656648e+16
-2.166516747246644e+16 9.363696438005515e+16
-2.691868542154463e+16 -2.51826435387071e+16
1.303575756824053e+17 -4.393551125187308e+16
-7.978651338833235e+16 -1.018264004548287e+17
-1.162012522082665e+17 -4.82995909315975e+16
2.310240368554811e+16 -9.559374469867851e+16
5.375498933381115e+16 -7.766469259709141e+16
-1.019999634264843e+17 -4140795284025320
-3.73423309318591e+16 -2.252918935671409e+17
-3.526609611020124e+16 1.34643962390311e+17
6.241629505343763e+16 -2.584610178150796e+16
7.290164639732621e+16 9.672757184689931e+16
-9.192973060060054e+16 -2164261339754090
-6690084150107593 -1.351410706596172e+16
3.282864425006931e+16 1.030069800291485e+16
-1.959391028848136e+16 1.235755745991529e+17
-5.684142815402263e+16 -2.949823263170125e+16
7.239152927711099e+16 9.2687054018076e+16
-9309872730970340 -7.783879561307072e+16
1.69264492520996e+17 2597697787704336
2.036018255068781e+17 1.846892518509615e+17
-1.003349662118753e+17 1.270636232468879e+17
-2.993402295200668e+16 1.004876371296082e+17
7794724165950614 -1.490059131949086e+16
1.580436031559246e+17 -2.188858486666015e+17
1.27032847495054e+17 -3.840388749891067e+16
3.526618743081824e+16 -1.762529124008672e+16
-1.807124488043717e+17 -5373337790917367
8.137464805078003e+16 -7.715344543454173e+16
-1.312354331721755e+17 -3.445968993840208e+16
-4.508797821474514e+16 -2.363082675892925e+17
8.43211220959416e+16 6.241201635476863e+16
-1.325130075557338e+17 2.373492169143296e+16
-9.033125785761894e+16 -8.207727256317339e+16
1.415991064868811e+17 1.197207444826784e+17
2.470072577213252e+16 9.604463398454907e+16
2238483417084398 5.0467386884203e+16
-2996661051672344 7.191232515286765e+16
-6.532812800808252e+16 4.874451981029888e+16
3.170812263712223e+16 -8.172345710441723e+16
5.717625025272757e+16 -1.418993626914096e+16
-9.361882981777619e+16 -2.737364382722005e+16
1.89267610664486e+17 8.474998946182938e+16
6.288534301850038e+16 9.07164801384871e+16
1.366503206380995e+17 3.177877615611302e+16
-3.22315686956076e+16 3.591187111607198e+16
-1.375121688780264e+16 -2.383042933576915e+17
-26262215253087.14 1.590001263377731e+17
1.318176693863074e+17 -9.576300911874355e+16
-9.872775549598947e+16 3.244673298641663e+16
-8.360254598994226e+16 -1.338680932865649e+17
7.000760029927224e+16 -6.452408269604737e+16
-2.088234395333692e+17 -5367831089673483
-7.169772286988384e+16 -6.195600477738378e+16
-4.25135118740067e+16 3.286438945356858e+16
5.674147259250923e+16 -1.076746253053599e+17
-1.079724323692659e+17 3.271405423196638e+17
-3.161519348103392e+16 1.599041966454262e+17
1.094150785011718e+17 5.400769293045973e+16
7.355717748938918e+16 -1802519080031270
-1.761830720674939e+17 -6.076579001927672e+16
-1.970243989793834e+16 -3.965092330497192e+16
-3.728188155349514e+16 5.490164654727234e+16
1.039706968200518e+16 -1.112734037574831e+17
2.912102963043315e+16 -4.03691398456843e+16
-4.370876790959323e+16 2164572204864770
5.902026682927857e+16 -1.129827615230927e+17
1.157612889051614e+17 1.851323676864359e+17
5086346660827224 -7.965659551033048e+16
1.137153184117387e+17 1.410644918458669e+17
-9.255713720356066e+16 -4.700845871363591e+16
-9.755155334144357e+16 -8451639120281818
-3.458220594247086e+16 -1.264467774368932e+17
9.659146106967142e+16 2.142123702111007e+16
-2.215060333768462e+17 5.389317693046098e+16
5.386859135140914e+16 -1.070799272670078e+17
1.770975514962755e+17 -5.158435271309172e+16
-9.41797167786344e+16 -1.88824040300061e+17
1.2372437697657e+17 -1.226410552291284e+17
-1.051843789920894e+17 1.314586058187003e+17
7233397400431890 -8.679569663940357e+16
-1.176593325321082e+17 1.85141121428678e+16
8.985089355199933e+16 -1.41011930360864e+17
7.298087842873525e+16 -5.143712684356658e+16
7.43850742534949e+16 -1.455438089602945e+16
-1.879282027256613e+17 -7.787719862536181e+16
1.140937582332688e+17 1.013945506156601e+17
-9.578909170345552e+16 -7.000145351109906e+16
-4809070893961721 -8379279774674996
-7.846156592201778e+16 6.693492199265718e+16
7.571294546366493e+16 2.525974581222048e+17
-7.843889764144515e+16 -2.522422600824466e+16
-1.752371270529217e+17 6.97759827305639e+16
1.284015437389776e+16 4.298402763267956e+16
-1.282507076096243e+17 -2.328172868164522e+16
5.529158207373331e+16 5.78599653252701e+16
-7859959494244492 -5.745341929173162e+16
-7.491937901464723e+16 2.086448281444309e+16
-1.153218468134913e+17 3.139530900647582e+16
-1.055994830912951e+17 -2.218576651666918e+17
9.43810533842976e+16 5.379811713469171e+16
1.161842720550496e+17 2.187546878238344e+16
3.811948910659864e+16 -2.203703538177982e+16
-1.952649251155338e+16 2.673570949069908e+16
-1.164643006180861e+17 1.044183985363314e+17
-1.330389372104405e+17 1.044426594350873e+17
-1.027668588738992e+17 6.176042174817209e+16
-9.226156690328802e+16 1.661246254564794e+16
-2634277831469180 -1.17697179927451e+17
3.357312092248587e+16 1.043538087896956e+17
1.124718432377886e+17 -6.947408738968639e+16
4.098498855034142e+16 8548934994573104
2.224340270535436e+17 -1.754218163186722e+17
-1.981758181168518e+16 5.578166831892424e+16
-1.550541851080868e+16 1.570494760677698e+16
4.522790310523933e+16 7.23242109856753e+16
1.273655981722381e+17 -2.206197922647339e+16
7.358514429525115e+16 -3.072877264933909e+16
-1.11061458906296e+17 -1.329541507555599e+16
5.572969320636842e+16 1.772516192963862e+17
1.86177960406127e+16 9.043927013199971e+16
1.263526955224402e+17 1.128845663276064e+16
-3.516886648169875e+16 -1.170541134147874e+17
-3.382233519974391e+16 -2005329369464902
-522448468267066.7 -3.515390387668452e+16
4.206178366146266e+16 -8.915455070847405e+16
-1.22810692507107e+17 -7.99956026613499e+16
9.02720569425369e+16 1.495505094427332e+17
8.209599110977418e+16 5.326243122348938e+16
-9028127589155310 2.670509750216724e+16
6.985403875512751e+16 -1.549105069750123e+17
-8.848015811891901e+16 7.42078077971707e+16
6.450644437749002e+16 -2.693054851635192e+16
1.015457684296022e+17 4.146036305790107e+16
3.996488076390816e+16 -1.114560492192515e+17
4.167194115699287e+16 4.55885609320691e+16
-4.126624280439248e+16 -1.852262335728067e+17
1.024385364078766e+17 7.773728761079773e+16
1.187933373202266e+17 2.439701371700274e+16
-1.679887166023479e+17 -3.904167561756631e+16
6.416293995407003e+16 8.88463982748133e+16
9.067952882882152e+16 2.180440928910189e+17
1.567535600529682e+17 6.277265421866411e+16
-1.896556637052748e+17 -3.670191817796205e+16
-6.150742804839888e+16 -1.423258265984845e+17
-8049898511184954 1.185444627753771e+16
-9.647143380152757e+16 -1.497115763749089e+17
-2113581822032412 4.362985961224534e+16
8.928712141391114e+16 1.103747193496019e+17
