300
1000000050375.62 999999976166.3761
999999994864.7623 999999903913.2421
1000000026225.126 999999987418.574
1000000029295.931 999999982307.0061
999999983091.8489 999999972501.1147
1000000004508.546 1000000022392.675
1000000128087.319 999999959656.7511
1000000009219.416 1000000056075.971
999999936529.8879 1000000027532.362
999999972245.4797 1000000030478.074
1000000013955.607 999999999086.0759
999999938837.0477 1000000024150.074
999999931442.6295 1000000007108.215
1000000015357.055 1000000015186.499
1000000027326.359 999999972209.2769
1000000030618.979 999999960296.4116
1000000016593.463 999999983843.1444
999999961982.6571 999999990976.7288
1000000007315.109 999999980013.7365
999999994163.191 1000000064649.567
999999979186.3313 999999984868.5382
999999973492.261 1000000002576.301
999999885249.9576 1000000023658.192
1000000134029.093 999999974477.085
999999939165.101 999999995281.2161
999999979947.8115 1000000015107.414
999999956397.1665 999999984304.6677
1000000068215.152 1000000046259.386
999999977331.4628 999999978151.4396
1000000090740.924 999999983527.4849
1000000003078.919 1000000072546.819
999999973347.3759 1000000024508.304
1000000055043.576 1000000016549.385
999999962399.5693 999999941480.7577
999999960612.5498 1000000066078.109
1000000107215.558 1000000002754.406
1000000026049.492 1000000015722.217
1000000035491.489 999999990238.9308
999999990335.6155 1000000066509.043
1000000084536.257 1000000040343.965
999999983050.4445 1000000070595.03
1000000005798.425 1000000002376.971
999999975313.896 1000000017696.358
1000000098491.759 1000000059728.713
999999998031.0864 1000000028904.488
1000000003278.032 999999978085.7882
1000000054248.164 999999992782.7255
999999979080.7437 1000000076637.838
999999944255.6211 1000000041763.734
999999861713.7119 999999937191.3363
999999957875.9113 999999981861.2134
999999998828.921 1000000029544.169
999999985926.6941 1000000066981.832
999999995261.2177 999999929071.3306
999999941833.6351 1000000000563.63
999999971540.0157 1000000005873.961
999999957194.1323 999999967965.608
1000000001908.623 1000000003678.258
999999988536.7255 999999964172.4294
999999990388.1244 1000000076545.642
999999994234.786 999999988049.0148
999999986352.7598 1000000095814.581
1000000022456.837 999999974719.9512
999999935361.5005 999999968709.59
999999965641.8818 1000000081513.947
1000000036966.873 999999985821.9431
999999968159.9303 999999915048.7883
999999988445.5315 1000000028611.36
999999930945.2593 999999910760.6598
999999972167.8313 999999964149.3494
999999934419 1000000075343.271
999999915440.6753 999999985946.899
999999927248.9574 999999938149.1117
1000000035309.915 999999900512.2354
1000000049594.357 1000000065445.694
999999984669.3403 999999911798.7227
1000000023280.948 999999966471.8066
999999957502.6635 999999945398.8003
999999914836.4745 999999989130.4562
1000000018980.843 999999973121.7498
999999990725.7847 999999952678.896
999999985878.1129 1000000032377.622
999999946436.4908 999999959620.1082
1000000046501.432 1000000004950.296
1000000066209.44 999999988538.4259
999999974587.8851 999999952831.1449
999999942927.532 1000000035835.146
1000000061433.481 999999981753.5651
1000000020680.139 1000000013733.886
1000000016101.318 1000000039863.226
1000000054430.437 1000000025418.483
1000000129393.03 1000000000582.784
999999945649.1901 999999999501.2094
999999930006.1653 1000000006577.874
1000000082482.338 999999964536.9958
1000000028720.869 999999995640.9106
999999968480.3848 999999992133.1692
999999960269.7776 999999969046.608
1000000050608.359 1000000002881.626
999999956220.9672 999999951059.6238
1000000012688.682 1000000015106.572
1000000029893.838 1000000073260.725
1000000058032.994 999999974843.9467
999999976125.8016 999999983601.197
999999981862.8881 999999963969.4954
1000000003467.946 999999969557.5023
999999923206.0203 999999976698.6989
999999958040.0605 999999998544.6093
1000000053699.935 1000000065517.144
999999965072.2538 999999984164.231
1000000049027.005 1000000048679.535
999999989693.7837 1000000024460.036
999999959089.3608 999999964366.2844
999999988463.8145 1000000043856.127
1000000010992.865 999999934894.1179
999999963659.7159 999999959731.4398
999999955274.9904 999999994422.4073
999999982562.7168 1000000029056.416
999999977008.0331 999999998033.9325
1000000001842.562 1000000010377.535
999999964747.2278 1000000031522.216
999999998309.5422 999999990483.5708
1000000078268.375 999999991701.085
999999953444.1595 999999970612.1118
999999970005.51 999999944770.1334
999999960989.5564 1000000057997.448
999999976469.7823 1000000037768.432
1000000039917.446 999999983748.6808
1000000032514.417 999999985581.7328
999999943779.4894 1000000046061.659
1000000014630.945 999999983222.8103
999999986035.3042 999999959506.8069
999999950397.5756 999999972633.7086
999999973392.8862 1000000024719.379
1000000013686.827 1000000111522.971
999999974412.0083 999999975136.9958
999999955586.0791 999999985440.0927
999999992235.6946 999999959544.9136
999999995527.2401 999999924249.6947
1000000085033.177 999999989193.6964
999999943740.9552 1000000001497.042
1000000049329.82 1000000000355.15
999999962078.4061 999999958105.2137
1000000000535.971 1000000003200.308
1000000055834.253 999999955499.2644
999999936806.6323 999999941813.2075
999999959070.0851 1000000130820.747
999999993006.7639 1000000019582.211
1000000065975.091 1000000002774.463
999999947924.6144 999999964840.5104
999999945704.3319 999999944029.9757
1000000019176.177 1000000069338.745
1000000038228.413 999999995714.8507
1000000006253.817 1000000023409.101
999999999366.0304 999999961584.9344
999999985727.0237 1000000026336.872
999999960459.115 999999947964.3132
1000000045942.844 999999927763.411
1000000028753.923 999999904650.827
1000000026813.719 1000000052740.789
999999903291.6632 999999949407.3923
999999978295.1216 999999952639.3794
999999998525.1715 1000000079014.161
999999969194.13 999999987759.4617
999999998893.6743 1000000032696.457
999999973828.0028 1000000031823.302
1000000014938.572 1000000030180.864
1000000007957.247 999999974131.2068
1000000033983.259 1000000023290.514
1000000004803.055 1000000041788.182
1000000004168.707 1000000009382.579
1000000033258.854 999999974405.5649
999999933609.8787 1000000117934.557
1000000017363.374 999999961641.7208
1000000054774.726 1000000016854.684
999999994426.2864 999999905064.2427
999999868291.0026 1000000073787.863
999999987330.2762 999999987444.5043
999999956084.5098 999999955383.5286
999999898524.6227 999999956958.0999
999999977154.7714 999999980733.9464
1000000005014.347 1000000002094.081
999999961020.575 999999905859.3214
999999977743.9899 1000000038629.183
1000000080708.778 999999960061.376
999999955313.7938 999999986801.9883
999999920551.311 1000000086711.258
999999986587.4252 999999987776.6536
1000000035885.881 999999991368.765
999999970284.8978 999999967485.0634
999999971402.6075 999999955040.0564
1000000054576.696 1000000007076.923
999999991923.6881 1000000056240.704
999999956915.3275 999999885423.4938
999999965501.6531 999999942732.955
1000000004835.18 999999954799.1021
999999988496.9971 999999946338.3301
1000000071989.391 999999978058.9174
999999938675.4901 999999944868.9417
1000000022981.572 999999920497.2007
1000000122834.773 1000000043099.322
999999944252.0331 999999975715.7216
1000000110578.316 1000000026978.063
1000000007484.742 999999974016.2906
1000000104174.949 999999984301.6049
1000000003281.258 1000000040133.993
1000000009158.707 1000000003628.64
999999960494.0612 1000000096687.423
999999926621.8669 999999991786.0323
1000000108383.625 1000000042365.999
1000000015273.97 999999985290.2837
999999973705.1179 1000000011978.354
999999957909.1995 1000000059448.011
1000000015077.048 1000000073685.41
1000000079636.126 1000000046863.963
1000000011605.096 999999999816.3966
999999985707.9613 1000000035468.464
999999996934.5996 1000000014577.367
999999997525.475 999999934033.3495
1000000071892.518 1000000033149.55
1000000008347.099 999999982244.848
999999961532.8458 1000000010894.934
999999949286.0175 1000000039215.579
999999980774.7332 1000000088685.022
1000000010102.232 1000000023077.73
1000000065923.438 1000000043806.13
1000000022267.064 999999897578.1927
999999989314.1256 1000000028032.477
999999932172.5588 999999987817.2098
1000000047863.61 999999972543.5228
1000000067427.625 1000000041698.849
1000000023649.357 1000000018863.485
1000000015340.338 1000000007643.766
1000000004742.487 1000000013765.42
999999985374.0286 1000000038653.987
999999995925.4493 999999957647.2449
1000000055803.176 1000000001317.986
999999971368.9373 999999962146.9901
999999966862.2092 1000000015239.714
999999981186.4598 999999925245.7943
999999960560.191 1000000014563.466
999999982357.1001 1000000019855.849
999999969640.6619 999999939504.2424
1000000133697.274 999999955554.1569
999999985184.5826 1000000094576.938
1000000052370.196 999999986845.3549
1000000007549.849 1000000095413.681
1000000007403.08 999999969138.239
999999926116.5641 1000000037097.088
999999966853.85 1000000040644.216
1000000022399.235 999999942915.693
1000000040390.457 1000000031111.124
999999973307.4022 999999956281.1639
999999989102.9958 1000000044766.093
999999986134.7513 999999950756.7728
999999928033.0573 999999978253.8984
1000000068650.17 1000000068343.569
999999963321.4027 999999933224.7976
1000000058510.311 1000000088953.71
999999943414.7328 999999953156.9174
999999968262.5698 1000000052846.453
1000000026721.159 1000000094016.119
999999958656.8335 1000000042437.623
999999946292.4849 1000000085014.162
999999941388.1791 999999908107.3204
1000000014060.581 999999933925.9685
999999966754.6123 999999970501.3873
1000000008936.849 999999992337.7635
999999928933.8281 999999952966.585
1000000030069.96 1000000044014.596
1000000044072.571 999999973584.1857
1000000015726.028 999999905758.402
1000000101308.144 999999996076.5426
999999988356.3032 1000000037754.82
999999985822.6212 1000000041920.766
999999944976.9779 1000000102889.17
1000000062574.557 999999977976.7307
1000000082491.885 1000000054036.344
1000000091172.278 999999983234.2965
999999985169.0533 1000000018406.435
999999990629.2266 1000000008153.337
1000000016794.214 1000000008838.708
999999962381.8046 1000000062586.227
1000000033864.207 1000000030898.1
999999948563.5039 999999949208.1615
1000000062619.397 999999974141.4149
1000000066303.309 999999946413.2102
999999936513.1425 1000000003255.036
1000000077322.995 999999991431.3171
999999956048.3845 999999992576.5652
999999985513.8877 999999970941.1201
999999993118.4213 1000000044123.1
1000000058068.534 1000000016266.08
999999996922.6406 1000000012924.593
1000000054698.313 1000000019067.878
999999951358.1134 999999989269.6388
1000000038087.791 999999967848.9895
1000000081593.263 999999943926.0834
999999956646.319 999999964868.1259
1000000003180.131 999999947805.5023
