300
1.248868743473524e+17 1.051118656548492e+17
3.663344586876876e+16 -2.31827933191189e+16
1.114398179294987e+17 1.554882034523612e+16
-1.535196251978403e+16 -9763760146481006
-9.08127323407164e+16 8.870309131767432e+16
-7.431371345841208e+16 -5.028452502888351e+16
-1.76331471882605e+17 -7.330938478623608e+16
-1.397081053798467e+16 -1.580527574360691e+16
-2.919862509179346e+16 1.017363629923499e+16
-3.47806425744811e+16 1.06376209141736e+17
-1.312867554752912e+17 -3.755384443351394e+16
-3.48898160121754e+16 -7.480225632373794e+16
-1.374960774326689e+17 1.391733343366564e+17
-3.587157854748142e+16 6.891055621390472e+16
7.547354095367547e+16 -1.213268397090131e+16
8.855111678259227e+16 1.465067003852356e+17
-6.422603427401255e+16 -1.600751792798763e+17
-1.27203821759537e+17 9.202260326770419e+16
-7.41561554633835e+16 2.792137371478415e+16
1.414590108662777e+17 7.495066907368666e+16
-4.879855894828542e+16 7.035164310997285e+16
1.456044858802159e+16 6.947003595394098e+16
-1.569196176001136e+16 -1.493313183589313e+16
-1.375622441786755e+17 -1.228842566344046e+17
-4.782615227795126e+16 -9.810020207467925e+16
1.626420526267179e+17 -1.77712070982831e+17
9.805696646332104e+16 2.283006107687906e+16
-1.472348008170502e+17 9.992983169866698e+16
7.193899111363636e+16 -1.090884519537937e+17
-7.244819359517208e+16 -5.353531286382377e+16
7.441883642675086e+16 -4.013744034013418e+16
2771016934624328 -5.068279510597996e+16
4.237176774286946e+16 -4627557974759594
-8.363923279770166e+16 -1.825889548684432e+17
-1.495283450540455e+16 4.852134690310866e+16
-4148593445920260 5.177104915518463e+16
-5.285096442503287e+16 -1.965516199874246e+16
1.009263510373176e+17 -4.1056728667643e+16
-5.697512501568469e+16 -2.736793880481844e+16
1.075639623865605e+17 -6.288016475640572e+16
-5.926086555945188e+16 4668904137987596
3.674532915480077e+16 -6.598309367148788e+16
-2.010856410335802e+16 1336999268955088
1.251198269583866e+17 9.813433204514438e+16
1.017780337695234e+17 -1.8717575333431e+16
4.678037195033979e+16 1.000489993670148e+17
-2.409800574502302e+16 8066058975479677
-7.580090807179622e+16 1.132139673876493e+17
-4.999502626391665e+16 -7.466548803388611e+16
-8.322184287905854e+16 2.334827944841746e+17
6.161898839149644e+16 1.313408412964e+17
-8.828484070092205e+16 -4.898459474379002e+16
-3348320959797074 -1.589825910015362e+17
-1.29512430684473e+17 1.302613571194356e+17
9.199772259925602e+16 -5134362822313357
1.193201872140487e+17 2.303788231371008e+17
7.558906085742059e+16 3.848874079348913e+16
6.645484968645129e+16 -5706198578949014
-1.893025776191657e+16 4.239203721680526e+16
-8.350888578894208e+16 -2.807510083789474e+16
8806463687091258 5.505892977056399e+16
-7.657016953155587e+16 2.305633482053026e+16
-2.567945199890024e+16 -1.909059107461437e+16
4.624515852853616e+16 -4.532048009768794e+16
4.654868485067058e+16 -1.578988360656087e+16
2.563699489222325e+16 9.172047123059814e+16
7.163354787433742e+16 7.81838290827383e+16
3.209110972811941e+16 -4.578526282792265e+16
1.414514436481983e+17 -8.711120402605762e+16
-1.586441468067161e+17 3.879559149253979e+16
6.269185588791765e+16 -3.734572523866596e+16
8.713355822256805e+16 4.952960043013446e+16
-3.521860800059936e+16 -7.226509444023859e+16
-7.495743754510296e+16 9.396553431629859e+16
3.883461814255306e+16 8.312183990470123e+16
5.031164430037702e+16 -2711043716383202
1.650124671309123e+17 9271550102544554
1.348548578686916e+17 7.945295434142043e+16
4.39923106150219e+16 -8.506653218269338e+16
1.090055582453948e+17 7907003680737801
5.965375612146818e+16 8.341254713229442e+16
-1.386943824408123e+17 -5445843449552114
2.139053380168194e+16 -7.683295819641312e+16
1.020930855800435e+17 -9.351728842895776e+16
-2.077215993218974e+16 -1.258783667178651e+16
8.728265354725022e+16 2.690594312899405e+16
-6.537090131207826e+16 585296970997970.5
-1.034263963267249e+17 9.829612047216792e+16
1.359236597538516e+17 6.290425778791298e+16
5.530202391357517e+16 -9.243995237009752e+16
2.003016011968954e+17 -6.250913140299715e+16
-2.605189460347429e+17 7832632033630962
1.34919850185259e+17 1.681266079619932e+17
1.715243586012407e+16 1.156148037957144e+17
-5.837229415441645e+16 -8.616736151551706e+16
8.37297684430027e+16 -2168371128559585
-7.48225186187776e+16 -8.210256637175398e+16
5.027038697426456e+16 -2.162820776135348e+16
-9.75748199443225e+16 1.884196422100262e+16
3.303747047497254e+16 5.630252578222229e+16
-3.173692719802894e+16 -3.101670628878632e+16
-9.864503798519832e+16 1.170571035896484e+17
7.320932276589429e+16 -2.638623198925469e+16
1.871862238647985e+16 -8.23312932904072e+16
-1.210389984923019e+16 -1.499439437060994e+16
5.820844363373223e+16 -6.421057188122582e+16
1.256824431455634e+17 4.909730678970042e+16
-1.157384947874807e+17 3.044609123911726e+16
-2.66890096839764e+16 -2.814797917024986e+16
-8.023181108994088e+16 -1.60483758718904e+17
-4.240431811548053e+16 -1.928236874910826e+16
1.439793582542523e+17 -1.097434112497995e+17
-4.255988396172686e+16 -6.47119604261337e+16
3.619624691264855e+16 -1.487908773776488e+17
7.09881767847447e+16 -1.320830023103224e+17
-8.618060449479565e+16 -6463383978415256
4.110196575317895e+16 -1.005387841862095e+17
6.704072100719141e+16 1.215925539036237e+17
7.148755286063799e+16 1.16731137043425e+17
7.171910592116646e+16 -3.159936356794479e+16
-6.494824362260974e+16 -8.912709344359805e+16
1.991134802045417e+16 -6.114029030760345e+16
-2.047431215681098e+16 5.948161910913695e+16
1.056762469591645e+17 -1.417356266943225e+16
5.146077699593919e+16 5.098841157425974e+16
9.714297437812842e+16 -1.999692514404085e+17
-4.160546064581822e+16 -7.91683714872549e+16
481637875454817.4 1.492224524727606e+16
3.953545863656073e+16 1.799586863479485e+16
-4.943426132391467e+16 2.343979985044296e+16
2.891630748910968e+16 -5.977733146685479e+16
-5.352530922496654e+16 7.826224270600971e+16
-6.308918878051882e+16 -1.816757657937439e+16
6.230939344383135e+16 -1.101110654908721e+17
-5.220696214414704e+16 6.98712904893133e+16
-3.732667846793581e+16 2.448664282211228e+17
-7.07058263033966e+16 -6.660870148377622e+16
2.790005351650723e+16 -3.09369805878483e+16
-1.485855262066273e+16 2.968008164801767e+16
1.525873585327941e+16 -9.522338317720765e+16
6.150048478385379e+16 -4.469996902141223e+16
8.83868522890271e+16 -1.918336058250926e+17
-2.084329771490209e+17 1.003922112088247e+17
-1.658035438779823e+17 -1.221000949308577e+17
-1.731997294857414e+16 8.911891962519062e+16
1.770750458986003e+17 6.441546106305106e+16
1.565389243873315e+17 1.651119793710644e+16
-3020889432791612 5.481004098721972e+16
6.604080730693327e+16 -8062653704499281
1.495854496648325e+17 -5.428927922194471e+16
5.701598264164296e+16 -7.430701259952854e+16
-5.42932978718719e+16 -2385508141037942
-6.994151359033518e+16 8.766052958621834e+16
-1.207296977435451e+17 2.84620679058296e+16
-1.088212911901964e+17 -2.118662695532524e+16
-2.865765428446224e+16 -1.31106939979545e+17
-1.227502618376284e+17 -6.669586081956316e+16
4.813541456873089e+16 -1.90406079294902e+17
2.565134256053794e+17 -7.516200036260869e+16
1.720361392454475e+17 6.120521843856176e+16
4.375829359886345e+16 1.632310744035866e+16
-218348547481989.7 2.025199716205936e+16
3.953081717741508e+16 -3.067053527180626e+16
6765739183915602 6.845722410367545e+16
2.129438625577834e+17 -1.275536051941087e+17
-4.654430026494442e+16 -3.680048161575904e+16
3.875462817223591e+16 7.995175558381213e+16
-2.36202175921965e+16 5.022012842313556e+16
-8784154001146617 -2.41050808761503e+16
-6.69689993162906e+16 7.554927670837803e+16
6945479990393522 4.525659831466852e+16
-6597278724684780 1.827652410888706e+16
-9.71260167188229e+16 -1.526590032298907e+17
-2.509146178778144e+16 -3.851869800922022e+16
-1.699874688258138e+17 3.600401732399919e+16
3.407527211263652e+16 4878176264616388
3.582205024473273e+16 -4.766032627672158e+16
2.007201701825261e+16 -1.887394080272074e+16
-5.711729466636567e+16 -2.091765757923686e+16
3.088464829396396e+16 2.822215222591009e+16
1306742080463482 -5.222765528895437e+16
-4.87939608866784e+16 1.748730641627522e+16
-7.177867887972568e+16 -8.865106488841699e+16
1.02397655520869e+17 -1.436279348340457e+16
8.950865359033021e+16 -1.558899954707076e+17
-8.845165392565445e+16 5.008630446894741e+16
1048978071678229 9396130289907090
-2.242939529146575e+16 -1.052454388670811e+17
7.354219424166189e+16 -7.780604339696464e+16
-5.454430778576989e+16 -6.427733853418958e+16
1.368616254912409e+17 -2.66666869444228e+16
2.049499285356112e+17 2.294759831010168e+17
-2.365546188176188e+16 -1.169281957209609e+17
-1.796469553940197e+17 5.295427639082041e+16
1.067433052608875e+17 3.284562658420316e+16
3.142111353552348e+16 -7.393255092703698e+16
5673432626377081 -2.374132752965134e+16
6.571882424114284e+16 1.860745738755404e+17
-7.731112241887144e+16 1.010764564456498e+17
6.553987659794259e+16 -8.721330898967278e+16
1.741138700751635e+16 7068503563615310
1.197648611466068e+17 4.715598640779949e+16
2515694001782504 -1.498687624414649e+17
-3.905106521567765e+16 2.419215347191241e+17
-1.59374126939219e+17 8.547331441327544e+16
1.442685232629471e+17 -2.94179456342944e+16
-3.250354960063677e+16 -6.6204164120873e+16
-1.469426688385464e+16 -9.005689257370592e+16
-2.301191304880211e+17 2.41880529018349e+16
-5.764896839968516e+16 9.438124408474022e+16
-5.7053297393845e+16 -7.888454537768256e+16
-5.026141058025492e+16 2.161863934571764e+17
-2.149811116642884e+16 1.323282968819585e+17
-6.723712523711952e+16 4.447884995430597e+16
-1.399072919975436e+17 -1.705901572077197e+17
-2.191630593534372e+17 -8.207690844254218e+16
9.395769361172947e+16 -1.689306819986785e+17
-9.020846980888565e+16 9.604590517080838e+16
-498245001255931.9 1.197853597305556e+17
3.02085691956718e+16 -9.609116711135691e+16
-1.015396662188665e+17 -6.132220367434849e+16
2.821728143749003e+16 1.2302004171658e+17
-1.582745909591756e+17 8.85804837250392e+16
9.285119438286829e+16 -1.462342295333762e+17
-7.011950957629073e+16 7832756494337505
-7.332609255521643e+16 4.126928713344023e+16
1.069916501437086e+17 4296566995980226
-1.216628086955979e+17 4.165166364305374e+16
-8.15003839980455e+16 1.055677080751855e+17
-1.789092877396538e+17 9.036056161455538e+16
-1.23463529736802e+17 1.017697488779152e+17
-8.149756224306544e+16 -1.062390129081306e+17
1.234832375608401e+16 -5.312840562331125e+16
7.253576306854325e+16 -1523789777480881
-7787820934298460 -1.023766999656666e+17
2.130438044141795e+16 1.005792217913563e+17
9762807423502972 -5.908719006760015e+16
1.102874557796038e+16 -1.71352142479799e+17
-1440442080683564 -1.986768504272759e+17
1.969901505859966e+17 -2.415448193795778e+16
-6.068859600259644e+16 -2.155181675502118e+16
8.957927591601888e+16 -7.221867457428421e+16
-3.000521211509955e+16 1.341995749766458e+17
-5.42865557694709e+16 -9.902443150897594e+16
-1.280825563739598e+17 -6847333204318909
-2.425866296183261e+17 7.666998692117514e+16
-5.639098514263738e+16 1.146485920470816e+17
1.464961670344648e+17 -9247067970028324
7.020441648765321e+16 2886170095015302
9.58625769486641e+16 -3.457702726298858e+16
-5712400931457338 -4.830476855107605e+16
-6.552038626854561e+16 -9.561940360584406e+16
1.71299743869923e+17 -7.367227796441786e+16
5.259506711706437e+16 -4.40991109454492e+16
1.443722439556628e+17 1.360365174394533e+17
-3.853654140272206e+16 -1.231185133452717e+16
1.448836258108231e+17 1.280150367164946e+16
-3.588093383615438e+16 8071477178649390
-8.62022197463132e+16 1.043060558141632e+17
-7.122205159783015e+16 -1.233297988279698e+17
-1.195566614649616e+16 3.634896996758606e+17
-2.24637958082822e+16 -1.446316069182082e+16
-1.52089122237432e+17 1.794214792747348e+16
9.086066143035114e+16 -1.035672360052927e+17
-1.517603234381305e+16 -5.480814823207785e+16
1.320876208838119e+17 8.430758645843518e+16
6.42437980928418e+16 3.51287815921957e+16
5.302545737120386e+16 -1.933825320707034e+17
2.546577488549126e+17 8.029763970075214e+16
6.059961133949686e+16 -1.84095088737272e+16
1.426793415195803e+16 1.896642198141935e+16
-1.730187394336502e+17 9.345752621635522e+16
-1.236865035529652e+17 1.045886903231296e+17
1.082981817056532e+17 1.95003506135957e+16
7.34336132519283e+16 -7.76018325530589e+16
-2.112283814569781e+17 2.712889412521341e+17
-7.764058289667021e+16 -8.565274428583901e+16
9.457661594491387e+16 -7.940442720893994e+16
-4.034122546794457e+16 -7.232076531634968e+16
6.443295339596097e+16 1.66674127634276e+17
-2.100308904465188e+17 1.230180753167815e+17
4.440013177477895e+16 -1.000053867912585e+17
-3.044036471676702e+16 2791595549843162
-2.0236186601939e+16 -8.240683630528848e+16
5.031556182197658e+16 -8537482398356169
-8.416947620359037e+16 3.025867881989715e+17
6509787405832131 -3.546526231309631e+16
1.480619495849504e+17 -4.997566155252195e+16
2.382727720986829e+16 -9.727832639858122e+16
-5.580555137537739e+16 -2.831922708064261e+16
-9.292010466588382e+16 -1.455042252832979e+17
2.984920741751904e+16 2.347421659560877e+17
-5.579245193447072e+16 -1.224758356701055e+17
2.826330694566399e+16 -1.695437483312314e+17
-1.097505721351083e+17 5.316044770805955e+16
1.150179824857753e+16 9.229905591341053e+16
1.269190101977644e+17 -2.280598584910047e+17
-1.30401602807917e+17 -1.240320808165714e+17
-1.420518473805592e+17 -2.663716805712815e+17
-1.411263413696398e+17 1.299621462697698e+17
