300
999999999367.2903 999999985120.5739
999999976522.7864 1000000005289.197
1000000002605.813 1000000080956.379
999999967969.1025 999999956813.2115
1000000028938.06 999999973827.5962
1000000004693.296 999999940089.4232
999999955100.1031 999999928221.4628
999999969201.8998 1000000026937.521
999999960215.2218 999999990674.7285
1000000029670.067 999999954275.7097
1000000060445.157 999999928933.4843
999999990951.262 1000000067669.713
999999963290.0284 999999963976.3037
999999976972.5935 999999979224.8835
999999931051.0574 1000000024744.915
999999995453.0945 1000000053256.124
1000000036662.225 1000000001616.691
1000000067362.552 1000000008818.358
1000000025214.648 999999999661.6323
1000000074692.081 1000000077919.089
1000000091246.873 1000000038873.986
999999954097.5555 999999978606.0796
999999906460.0389 999999950760.5878
1000000007294.877 999999994858.8359
999999961761.1991 999999991055.7922
999999997290.6459 1000000051783.46
1000000023731.333 999999991522.9917
999999990855.7227 999999972188.7131
999999997731.3092 999999998678.525
1000000039332.675 999999979024.7122
1000000011876.97 999999986366.0002
999999947394.6124 1000000066624.176
999999972304.2412 999999976681.9077
999999949555.5876 1000000017736.983
999999973206.7463 1000000055612.749
999999930768.4244 1000000035495.802
1000000064519.576 1000000029882.857
1000000018301.735 999999968266.8201
999999951880.4581 999999979464.0541
1000000010332.184 999999992679.9822
999999973368.9508 1000000051958.292
999999923148.6196 999999974395.2996
999999984688.5671 999999966457.5836
1000000023850.618 999999976792.0244
999999966067.7365 1000000020184.665
1000000103824.438 999999969201.443
1000000019262.283 999999862223.3331
999999998539.3784 999999886552.3354
1000000066460.611 1000000025391.156
999999974048.8131 1000000034541.976
999999972824.5615 1000000015012.825
1000000075073.995 1000000085833.144
999999980410.1145 1000000005850.55
999999965285.9133 1000000026026.433
1000000010511.214 999999972565.559
999999974825.4526 999999997245.9303
1000000020896.709 999999985795.5266
999999958871.8314 1000000037797.063
999999973557.5172 1000000092805.611
1000000013857.18 999999977650.4091
999999977702.3032 999999983383.1868
999999954329.325 1000000095260.327
999999959107.8838 1000000026418.161
1000000036643.439 999999970799.98
1000000036270.69 1000000089062.8
999999967260.895 1000000049540.309
999999999939.3353 1000000005023.151
1000000055124.97 999999927687.0286
999999995027.1711 1000000048540.18
1000000043273.294 999999979532.229
999999994431.4536 999999976592.9314
1000000023054.113 999999938040.1571
1000000095105.089 999999959419.8907
999999991321.6022 1000000075015.556
999999943991.6835 1000000003177.374
999999963218.0736 999999992671.3
1000000065918.824 1000000064075.31
1000000021724.592 999999999153.6914
1000000071944.105 999999988308.5378
999999984919.0323 1000000008180.337
999999940021.3757 1000000017341.573
1000000046617.954 999999975708.89
1000000012338.196 1000000030182.337
999999955423.7174 999999946943.2705
1000000008074.495 999999984882.8638
1000000053530.279 1000000037901.996
1000000043891.174 999999987479.3265
999999961271.7789 999999971764.4097
1000000102207.545 999999953738.8705
1000000060505.949 1000000009712.13
1000000036779.672 999999945720.9092
999999873264.3866 999999997404.7036
1000000005457.721 999999979264.7094
1000000021864.442 1000000063720.632
999999950626.4077 999999978903.1154
999999995399.8381 999999943614.9641
1000000010690.612 1000000013549.844
1000000012275.007 999999898359.3098
999999982563.7025 1000000004240.935
999999969482.0382 999999965725.4077
999999994084.9083 1000000010484.035
999999872309.9325 999999920209.8871
999999987488.1301 1000000056368.841
1000000016347.295 1000000049247.4
1000000087680.14 999999968437.8846
999999912478.8445 999999958906.4041
999999917519.514 1000000050723.148
999999966493.4891 999999947243.4282
999999982845.5884 1000000050041.755
999999988581.8323 1000000075570.786
1000000042600.741 999999968442.7808
1000000051270.581 1000000059860.75
1000000005282.314 1000000027062.471
999999957525.1672 999999955050.5499
999999987528.2738 1000000046931.977
999999947613.2042 1000000077083.213
1000000039350.996 1000000010139.303
999999989920.4453 1000000009651.164
1000000037196.992 999999943380.9917
999999951864.9745 999999996831.3635
999999989358.8914 999999983973.0039
999999956019.2368 999999959794.8156
1000000037287.162 1000000004278.678
999999999288.7969 999999957136.0576
1000000019893.423 999999953739.8468
1000000027632.679 999999977224.4652
1000000002086.519 1000000038839.05
999999963427.9722 999999927504.0613
1000000056685.669 999999987913.135
1000000074616.43 999999945017.8885
999999984104.9739 999999923083.4834
1000000077392.966 1000000012882.62
1000000037825.36 999999955005.7555
999999981850.7263 1000000055547.123
1000000029114.344 999999980128.4521
999999986399.9308 999999922064.8588
999999943502.0712 1000000019303.521
1000000089916.252 1000000031437.191
1000000003281.621 999999963240.2601
1000000129553.655 999999985610.6887
1000000017296.611 1000000012176.067
1000000040421.41 1000000018227.154
1000000015683.471 1000000005078.442
999999961319.5298 999999958124.8628
1000000055135.434 1000000041459.416
1000000033882.441 1000000029867.944
999999946375.1506 1000000019020.999
1000000065136.886 1000000081962.61
999999992369.2701 1000000027717.083
1000000041259.779 1000000012748.596
1000000007208.208 1000000007844.708
1000000103510.75 1000000095484.712
1000000088444.373 1000000064208.155
1000000042858.531 999999976430.9666
1000000007948.796 1000000022438.904
1000000025474.822 1000000001053.156
999999997700.4305 1000000000148.255
1000000001444.566 999999969712.4742
999999998552.3108 999999954187.1511
999999975882.7264 999999993281.1685
999999959712.1859 1000000133120.153
1000000095958.668 1000000071830.238
999999975510.7604 999999909257.3737
999999992503.6122 1000000035747.577
1000000029237.512 1000000091540.585
1000000033413.82 999999982404.754
1000000028957.139 1000000059657.083
999999958103.6464 999999993289.8403
1000000083522.272 999999941111.9255
1000000055843.996 1000000018362.702
1000000058888.263 999999932587.5283
999999986370.2717 1000000049612.908
999999960988.9469 1000000032239.58
1000000014743.228 1000000003830.38
999999953423.7252 999999938183.0602
1000000002766.234 999999905387.8506
1000000056418.025 999999926448.7625
999999864587.7861 999999971751.4526
999999981364.7078 999999974936.9254
999999970237.8379 1000000023263.561
1000000012132.414 999999982464.8505
999999956726.8147 999999967759.2739
999999992615.6313 999999915364.573
999999989137.674 1000000063038.32
1000000020951.275 1000000012096.255
999999971594.9857 1000000059704.073
999999996178.0054 1000000068964.138
1000000037818.794 1000000013541.443
999999952500.4875 999999948569.0564
999999946221.0383 999999969939.7317
999999974682.8324 999999915688.2314
999999987538.9203 1000000065819.27
1000000028169.407 999999937236.8241
999999966527.0187 1000000032253.689
999999844906.5918 999999958537.2533
999999930629.7335 1000000034792.292
999999965094.1919 999999838070.0516
1000000009141.031 999999950039.281
999999979116.3542 1000000062977.703
1000000032246.602 1000000027739.909
999999976946.8197 999999978133.0282
999999928258.7085 1000000025128.756
1000000009741.627 999999932473.2148
1000000038265.984 999999966915.3878
999999994740.3501 1000000091365.576
999999943585.3329 1000000081031.323
1000000026371.021 999999955199.5365
999999967299.5659 1000000050832.618
999999948673.7018 1000000036548.723
999999910143.5999 1000000034844.02
999999983225.7439 999999988640.3773
999999978997.6886 999999984349.7604
999999928818.3401 999999953432.7197
999999871878.0198 999999968813.9747
999999983784.8251 999999985271.5398
1000000014835.446 999999990669.1952
999999955487.4093 999999962450.9884
1000000007072.096 999999977836.7643
999999964944.4323 999999972828.3102
999999957789.9214 999999956535.0925
999999957396.2947 1000000044574.267
1000000037376.679 999999971081.8884
1000000051871.535 999999963746.4858
999999871734.1553 999999967207.7552
999999973034.4702 1000000013985.21
999999957404.301 999999980032.5046
999999971476.3906 999999909211.5432
1000000034145.627 1000000024240.274
1000000013827.881 1000000031704.511
999999986230.7073 1000000058607.766
1000000028322.614 999999946511.7926
999999946898.167 999999963111.4957
1000000059263.838 999999988886.7126
999999911879.6604 1000000013769.496
1000000018354.91 1000000046366.319
999999959932.1761 999999965969.2512
1000000039829.487 999999952698.8431
1000000017084.096 999999961695.4497
999999952004.4067 999999996104.7378
999999976848.7484 999999975807.2493
1000000035289.681 1000000009661.312
999999968306.9084 1000000004244.989
1000000062400.981 1000000069336.002
1000000018299.957 999999928965.3569
999999995639.6005 999999910902.3442
999999990349.38 1000000063775.056
999999988412.907 1000000012980.418
999999981152.4122 1000000019563.893
999999953359.4915 1000000007234.798
999999930496.8535 1000000035988.361
999999993949.9828 999999968226.4954
999999897681.3885 999999954841.9799
999999998004.6996 1000000106898.307
1000000011039.132 1000000023533.939
1000000053080.762 999999891694.201
1000000023802.695 1000000024867.091
1000000057234.713 999999974270.5172
1000000042738.963 999999945427.9935
1000000010971.836 999999945874.0392
1000000014820.837 1000000034198.666
1000000012038.827 999999996244.3956
999999979723.8385 999999891989.0736
1000000060328.671 1000000011194.407
1000000036122.286 1000000041718.439
1000000015214.154 1000000063853.852
999999953050.1975 999999956500.9973
1000000066880.272 1000000062182.179
1000000017769.975 999999989748.6198
999999986456.0697 999999983908.5571
999999952512.6763 999999950433.2579
1000000089356.686 1000000010190.623
999999983914.203 999999964493.8285
1000000037035.806 1000000172914.106
1000000079855.439 1000000014105.987
999999976150.7085 999999942217.4137
999999999336.5031 1000000027284.664
999999912307.3275 1000000030541.124
1000000006533.367 1000000023797.878
999999981771.2767 1000000084040.193
1000000019211.258 999999975582.3407
1000000001105.562 999999904527.6844
1000000077178.687 999999914914.335
1000000055620.453 999999963790.3323
1000000008674.802 1000000017138.848
999999958493.2981 999999997354.5074
999999984547.9851 999999977212.5773
999999998492.2083 1000000030560.375
1000000046167.679 999999940028.4777
999999914407.9869 1000000014600.801
999999924008.1925 1000000059807.269
1000000075208.852 1000000057811.594
999999938295.7389 1000000024333.999
1000000027315.065 999999957625.713
1000000038397.278 1000000028273.051
999999904720.7933 999999970835.0785
999999939942.9019 1000000017913.529
999999950128.2429 1000000010243.304
1000000043066.452 1000000047879.851
999999873324.9818 999999996783.7109
1000000036120.844 999999941645.2865
