300
6.942105564081515e+16 -1.066510950678332e+17
-2.066920666169452e+16 -9.968591179942174e+16
-2.096144942110608e+17 2.947312020873273e+16
1.599726951963202e+16 -9.176291393193714e+16
1.30097545302092e+17 1.522837660955418e+17
9.098338695987027e+16 -5.672845281110643e+16
-5017358010681056 5.689289988377771e+16
1.133005733115442e+17 -1.09511382927032e+17
1.034565802960383e+17 4.441608556790178e+16
1.331254719634591e+17 4969869554089037
2.117952756512523e+17 -1.266993658430272e+17
3.084229248602247e+16 -3.463825387375256e+16
8.09021437283821e+16 -5820252163795141
2.420641509468255e+17 2.651731753225508e+17
1.112127019709199e+17 -1.422908704189007e+17
-8.227358168624278e+16 7.125352421024734e+16
-3.004849293864255e+16 7.975582347674067e+16
2.54319250724374e+16 -8.777459707188411e+16
-1.27290262226654e+17 -2.87522759696472e+16
-6.071083099053782e+16 6.94649610997723e+16
-1.059409594662211e+17 -5.599708286142625e+16
-2.933414726083783e+16 9.766357953237253e+16
-1.811938550871406e+17 -4796087154395477
5.604870255575634e+16 2.200156321040675e+17
-1.373459417444022e+17 -1.564101298392452e+17
9.704003439997389e+16 -5.678081371801312e+16
-4.929191116915374e+16 1.595059063468353e+17
-1.084155349053049e+16 8.790093182421286e+16
1.974660719178129e+17 -2.888733441602435e+16
9.609756980792654e+16 2.365822925758367e+17
1.60464351813647e+17 3.636069867298227e+16
2.584124422119808e+17 -9.107315491978387e+16
2.394946886099402e+17 -1.926899547180241e+17
1.77017575395592e+16 6.189439614769083e+16
-1.790311588866616e+17 -4.420339684006332e+16
-2257581095937993 4412519489273447
7.701065886275138e+16 -1.515804544940452e+16
-6.810268749576158e+16 1.171636337242637e+17
3.507439012725056e+16 -1.624650053777031e+17
-7.81663332927271e+16 8827106602605980
-3.915373054601609e+16 2.212954161314678e+17
2.505721119431695e+17 2.177690140886804e+16
4.880533091177609e+16 1.646127247876843e+16
-5.093388437752302e+16 -1.060238194167834e+16
-1.868104976996128e+17 6.489128790894774e+16
-2.579407292701772e+16 2748289882493460
1.096596798515385e+17 1.741618423111924e+16
-7.990119824332866e+16 -4.011321842200611e+16
4.863345998902874e+16 -1.776080853057999e+17
1.169481304186447e+17 1.367440935859137e+17
3.81826106274159e+16 -4.885771224929829e+16
6.799362603476129e+16 5.796777776185288e+16
2.286356994032543e+17 9567685166309122
9.455977387416627e+16 -5.559286102304182e+16
-6.235450492612426e+16 -8.705016124098952e+16
1.325852220210374e+17 1.317587328335409e+17
-2.711214471569132e+16 -2.418679356245048e+16
2.226378069521819e+17 -9.375171755120742e+16
1.03438538402397e+17 2.616046386099274e+16
-6.78604783531693e+16 -3015805509632963
-1.135948212318636e+17 3.403886573798022e+16
5.739497884143757e+16 -6.42473180548719e+16
3.727423809853682e+16 -1.14163897044761e+16
-2.139517433631718e+16 5.864218089429465e+16
6.093317454800018e+16 2.974510209766194e+16
-2886859304621134 7.348038642432517e+16
-7.947900040530808e+16 -9.149024129816986e+16
1.928991769289772e+17 1.037228217676589e+17
5.061051043627972e+16 -7.972751392644e+16
-9.911887437845194e+16 1.061157669410617e+17
9.467924949167488e+16 1.123923863043716e+17
-1.036309946321953e+17 1.787872619018595e+17
-5264274445212552 -1.014062153126154e+17
-1.452521549524255e+16 6.216151046483734e+16
-1.049899563834428e+17 -2.094724401178881e+17
5.253983429205385e+16 2.70761145055118e+17
5.513000114463738e+16 -7.027857341753458e+16
-1.52010823065481e+17 1.116668363761444e+16
2.847058396456477e+16 -7.770905901854152e+16
-8.857732976641066e+16 2.102190611001979e+16
3.688377672554527e+16 3.715599970460367e+16
-5.823855127720821e+16 -9.829678119797362e+16
-9288553976250986 6.474066535827427e+16
-6.829004737609918e+16 5.225005774776963e+16
1.951150611697151e+17 7.437347506823565e+16
-1.481665789736829e+17 4.073641052915698e+16
-4012158633794512 -9.73157670713651e+16
-7.887968006112558e+16 2424428608913213
4.217519883159994e+16 -1.286828949859616e+17
1.092902595061347e+16 -9.12774442428971e+16
-4.866231386267805e+16 1.503762900377017e+17
1052978615155977 -5.479464960811887e+16
-4.089612170258278e+16 1.176674651822803e+17
-4.580872519491174e+16 -1.326390310319924e+17
-8.659972378282126e+16 -1.734184678997071e+17
-6518947830902720 1.723697211746988e+16
2.00939684492957e+16 -4.22872973997684e+16
1.065354949649904e+17 2.199374797677108e+16
1.370638829107187e+16 9.582061655952648e+16
-5.272423105207751e+16 1.068257120130934e+16
1.763472395961425e+17 -6.650036904572696e+16
1.022083312408543e+17 6.389089475504854e+16
1.561614726130802e+17 -7.892598844461267e+16
-8.998679207950603e+16 5.593846348890431e+16
-8.392050729384133e+16 -5.80767816569103e+16
1.111109190471218e+17 1.394536813204713e+17
3.00782793766864e+16 -9739863431758152
-2814135840168898 -4.162036936991846e+16
5.105362336596715e+16 -1509275685264364
1.457789892700117e+17 8.157466659222098e+16
-2.06510274587369e+17 -6.648392199624946e+16
7.664620508097774e+16 -9.399588982830747e+16
-3.289196901457351e+16 2.125855097393464e+16
6.319076206314452e+16 9.305985499618565e+16
1.360015720986708e+16 -4.683563957580955e+16
1.196725543669927e+17 -4.819913911507445e+16
1.553248309928688e+17 1.252466054731885e+17
-9.61802068428768e+16 4843293535612410
2.446297986155156e+16 -7.150120813385076e+16
3318203872840578 1.733852217607866e+17
2.618234659352847e+16 -3.020775599505063e+16
-2.43104167344341e+16 -3.724460528977514e+16
9.955638523629093e+16 1.110487251697024e+17
-5.665388091930913e+16 -8.098925852686154e+16
-5.072732396913971e+16 -7.539546383501806e+16
1.027592865503383e+17 -4.784022312539614e+16
-2.011033456630614e+17 2.903425345738391e+16
2.558243953315501e+17 -1.463960892825159e+17
-5.377880199494591e+16 3.104882060916873e+16
1.896512894884605e+17 -1.132180366003649e+16
-4031807589093881 -7.977899273758525e+16
-5.178657047503637e+16 9.297567189989854e+16
1.007313959487139e+17 -3019149308100463
1.41858074443927e+17 -5459099373583314
1.308145274294503e+16 -5.425552682798706e+16
-1.771480609193238e+17 -1.035595215687013e+17
-2.530643531614507e+16 -6.976902680224654e+16
-1.779723446652307e+16 1.11032254188535e+17
2.205692256162708e+17 2.155699701637005e+17
-3.957189462291088e+16 -2.932981391441403e+17
1.051924426180376e+17 -2.414471398464848e+17
-1.068045529475592e+17 -9.921041368635541e+16
-5.837154886695181e+16 2.360184705255968e+16
-1.106554189420881e+17 1.731445070643188e+17
-1.118786697627004e+17 -1.19117633641477e+17
6.490810707701438e+16 -8.36153867128515e+16
-2.803209529391373e+16 -1.198165403617447e+16
1.151681629717953e+17 -2.214485579301042e+17
-1.594205163460373e+17 5.608660760205151e+16
4.954987696725574e+16 2.669353828071442e+16
3.810573359482395e+16 -1.239806353936584e+17
5.13605830475341e+16 1.684730816875304e+17
-6.762894497838298e+16 -9.953131342797506e+16
5773528239371597 -7.949198971196142e+16
-1.732452121611613e+16 3336499678843985
2.003325029771989e+17 -3.927236035790078e+16
8.604296716833902e+16 -1.065294424764072e+17
-1.740476705813816e+16 -6.674275841868118e+16
-3461389742044705 2.003096600032792e+16
-9200628823644162 9.640617177819805e+16
8.466985433728499e+16 2.485250249768324e+16
-5.814450068584589e+16 3.701666148100779e+16
-839597780328710.9 1.698586313658674e+17
-1.696579041796384e+16 8.048772311451499e+16
1.363803087173208e+16 -4.876248594216011e+16
-4.518055546660172e+16 -4.536208728031314e+16
3.367116316047021e+16 -4.37896384213239e+16
3.853671976486256e+16 -3.823083546448178e+16
-7.956135080639661e+16 5.251257215952886e+16
-5.524740838652199e+16 41816543880167.24
1.969065733803887e+16 3652446938278472
1.490379381043966e+17 -2.387546879071697e+16
-2.515480897342568e+16 -4.361665194676546e+16
5.002346808552462e+16 -2156500412824182
-5.891360621084502e+16 -3.417344243373274e+16
1.409340934949377e+16 6035250227847603
-1.507085067228933e+16 -4.188679280906908e+16
6.993326413204961e+16 -5.19349579690585e+16
6.708366747287232e+16 -6.454809735941379e+16
-4.86278332884435e+16 5.339867705348628e+16
2775005534003010 -1.101932413447117e+16
1.11826110192614e+17 -9.067002319612262e+16
-8.71572597748696e+16 -7.66414796122108e+16
1.183404870003356e+16 -1.398775548756125e+17
-1.054521323770325e+17 4.444304720800992e+16
-7.909824068159414e+16 -1.27875624918368e+17
-2.278762455062775e+16 1.168942525599662e+17
-1.719164135118222e+17 -2897616383172942
1.248751566895273e+17 -1.759279975267946e+17
2.719839817229238e+16 -1.127591845306813e+17
1.202469046305296e+17 3.11123315666685e+16
4.067162535506294e+16 6.231135826813997e+16
-5.157164661249806e+16 1.599828597407627e+17
3.471863504270458e+16 -9.138457760969251e+16
9.78218162883273e+16 -2.189807266325082e+16
-1.200747999083992e+17 -2.254214473247744e+16
-6.622753961476573e+16 488080631192611.8
-2.99992589908449e+16 -3.973376695233622e+16
-2.191741506702513e+17 -1.216792536810954e+17
-9.029981906940221e+16 -3.825255653757872e+16
-2.068499556014815e+17 1.21880391519128e+16
1.707097495480878e+17 6.261235682848513e+16
1.003963881351416e+17 -9.599471952160427e+16
3.738453944725404e+16 8.584915528210621e+16
1.793680875789443e+17 1.01438964006027e+17
9.135804764168397e+16 -7.374381563081498e+16
1.878486333141821e+17 -2.979414488552589e+16
-1.578761689679916e+17 4.885966105205906e+16
-1.691621895991411e+17 3.186429050139554e+16
1.322300888268664e+17 3.146168324546127e+16
4.391319437460291e+16 -3.143327009194957e+17
-1.875673509917388e+17 8.88593967513243e+16
-8.448127555867565e+16 1.607178807603552e+16
-4.745520742091115e+16 9124183258234862
-8.114345200021285e+16 -3.611397870915084e+16
-6.569077813582206e+16 -2.399228290561412e+17
-2.015727384302064e+17 -5807563678171871
1.45002601188628e+17 1.422110262093402e+17
-7.698038036385085e+16 -2.897959893967188e+16
1.134092705252185e+17 1.391753791496178e+17
-1.022948290871058e+17 1.762089186023814e+17
-7.128478954298746e+16 1.245876585023594e+16
1.570403024992865e+17 1.353839602272834e+17
-1.02303670255601e+17 2.15628809609085e+16
-1.211294519512068e+16 -6.189510798603347e+16
-1.416123943686e+17 1.670562063747486e+17
5.682923552609904e+16 1.091959065406974e+17
7.170465535513797e+16 -8.275346368013398e+16
-1.102770414641121e+17 5.407126145925687e+16
2.206050401804888e+16 995318477879080.1
9.341881995069346e+16 1.684647468133814e+17
-8.886629221479379e+16 6.210688393068331e+16
1.876385327813249e+17 1.18562180583583e+17
-9.978425717818522e+16 -1.290652967476504e+17
2.676471339512447e+16 -3.52754001283499e+16
-4.62062238349489e+16 -1.369630305850177e+17
-4.654034032224452e+16 -1.415118206755677e+17
-2.630920952649668e+16 3.992782851109275e+16
-1.54774210953841e+16 -2.630458818175381e+16
1.529723087044273e+17 4.38090430421071e+16
-9.121923800267173e+16 9.19772016222439e+16
3.237815679149427e+16 -8.428411064739594e+16
9.27483120162905e+16 2.63060531867951e+17
-2.230843443317658e+16 5.772814824177934e+16
1.277948892709405e+17 8.770888990561218e+16
-9.812013397814506e+16 2.047465136679676e+16
2.506011231395847e+17 2.531678319432638e+16
-1.452148653418895e+17 -3981407926444178
1.850397566077057e+17 5.695009262828371e+16
-2.985154247523926e+16 -1.279685116178214e+17
1.418118128981105e+17 1.017011458965858e+17
1.196673837548359e+17 9.902189189067621e+16
-2.345405925586452e+16 -5.266110153549393e+16
-1.766270710265568e+17 5.698860456060038e+16
-1.76286982545081e+17 2.272266832394242e+16
-7.508101012028386e+16 -6.575660570798023e+16
-7.66213771350076e+16 1.390377843218032e+17
1.544292128015744e+17 -1.660338416379818e+16
2.26849935539909e+16 -5.462721226512574e+16
-3.241829061792484e+16 2.111408959128184e+16
4.240538984668842e+16 1.663673110459373e+17
-2.188534844392872e+17 -1.428337846139577e+17
-6.214700378430362e+16 -7.788819279297198e+16
1.22732020896887e+17 1.052934605628571e+17
6.679475162909172e+16 1.882066502117327e+16
3.488241900208412e+16 7.255005652319755e+16
-1.362354352078452e+17 -4.288192125613418e+16
-1.525723245155862e+17 -6.014187520296248e+16
5.402818913784261e+16 8.367446258764304e+16
1.817207967599222e+17 9.291858747831776e+16
-2.011604582474324e+17 2.206113278730522e+17
-1.000055171112569e+17 1.270074935351923e+17
-1.224264141448582e+16 4.001258240558098e+16
-7.866411541019845e+16 -9.15855642631689e+16
7.957487089884854e+16 1.753233682255648e+17
2.663704487890772e+16 -1.064663609025861e+17
-6.057720017717058e+16 -5.18940853497621e+16
1.616413674414995e+17 5.336625566852524e+16
1.882969541263448e+16 6.809631942616618e+16
4.291119995110803e+16 3230657503348436
-5.822022237997398e+16 -2.079182539078283e+17
-1.34421014384868e+17 -8984107124226280
-9.705906520229654e+16 -1.38139290662084e+17
-2.082715929894347e+16 -4.807229831800562e+16
3.881349794426204e+16 3.389488137372799e+16
9.443753286915586e+16 -7199810132655016
-5.744732130446417e+16 9.582836345451434e+16
1.426204464104499e+17 1.308330585934283e+16
-1.310402208919946e+16 -1.015555943925549e+16
5.8862089496376e+16 1.016105331175084e+17
1.632974178012877e+16 -4.49409521692854e+16
-6.833186651254668e+16 1.174622712579157e+17
-1.066202582668764e+17 415509474860608.7
-4.47425587057471e+16 3846445997920402
-8.10703248460921e+16 -4.727586205681061e+16
2.590173709004527e+17 -4.996218691474615e+16
4.127510116607374e+16 8.387189859981054e+16
-6.220777748959787e+16 4.397972847913308e+16
1.396152565287694e+17 -2.264784064919724e+17
-6.387036486391455e+16 -1.473272356935299e+17
