300
-2.323036064960177e+17 1.813686993199327e+17
-1.852447541881377e+16 6.772519115880766e+16
3.409747906606851e+16 1.060390662458685e+17
6.771532968556303e+16 -1.410064207206149e+17
2.536496706380242e+17 -1.064794169748011e+17
1.54094166793819e+17 -8.803122023253269e+16
-2.143855329162252e+17 -4.724899609649799e+16
7.232080929155416e+16 6126948413724644
1.20381594770658e+17 2.216977431684585e+17
-1.276184491758044e+16 6.267676710885105e+16
-9517655571197300 -4.575208753960036e+16
-1.049410883853351e+17 1.204127540656501e+17
4.52734469323166e+16 -7.906972810845546e+16
-7.642762589131112e+16 -7.282167293130331e+16
-2.194486388585385e+16 -1.506229075254396e+17
8.73643947170593e+16 -8.403590156834107e+16
-7.350956997263587e+16 8.622607185129346e+16
-8.902176353082211e+16 -2.096167015684142e+16
-1.485526216771797e+17 1.258003207946735e+17
-8.83115652510027e+16 1.864938236134024e+16
-4.830147415810567e+16 6.114899413312087e+16
3.238396036365504e+16 -5.501998604103436e+16
-1.423454508549382e+16 8.184558736626034e+16
-1.20129818183873e+17 1.660459973493268e+17
-6.71309257846235e+16 9.915884603533283e+16
-4.221992592121415e+16 -1.853359243047874e+17
6.899902775400027e+16 -8.113894261274326e+16
9.286738579319562e+16 -9.775746531251845e+16
-8.165132959882459e+16 4.66163588715629e+16
-7122204194303436 -5.796047609349395e+16
-1.326376943634622e+17 6.283157616451319e+16
4.367188196608189e+16 1.802468291656303e+17
2.056242962697475e+17 1.549874586814318e+17
-1.115111635124987e+16 1.565944366465775e+16
9.929395690861226e+16 -1.42437482431735e+16
6.799244611755883e+16 6.303371291889952e+16
-8.00107420578077e+16 -1.261766706691851e+17
1.780511098491632e+17 3.304537325003973e+16
1.363534274307579e+17 1.433605859996658e+17
-2.75843400340331e+16 -2.124299677841103e+17
4.168849223890641e+16 -1287995928471189
1.42980157789271e+17 1.165678248065388e+17
-9919132806328842 -1.030104724662365e+16
1.617635447501018e+17 -2.869691858588184e+16
-1.274140502295835e+17 8.682155575224795e+16
1.269037661558343e+16 7.715090641969616e+16
-2.66375472989306e+17 1.950076961819245e+16
-8.34479716539499e+16 -7.168046531288833e+16
4.827747682482136e+16 -5.55030379101721e+16
-1.080808334331471e+17 -2.651391737735824e+16
1.318268839628887e+16 4.060411855684108e+16
-1.162165663329291e+17 4.371991278474594e+16
-2.260421070402457e+16 -6377330716019362
5.702749751432158e+16 9.334875825897877e+16
2.295307692209003e+16 1.95410285146918e+16
2.109485838463452e+16 2.948543572827871e+17
6.610835370954395e+16 2.089969108097315e+16
4.193954441337797e+16 -332697057355403.7
-2571002982657415 1.034735236115645e+17
1.0272199748033e+17 3.017871865923384e+17
-7.417644980277427e+16 3.716136787631142e+16
-1.783197592895924e+17 -5.884766568204322e+16
4.755934922103828e+16 -1.978434806359692e+17
-1.893971817933274e+16 1.258339269897526e+16
-1.322346389248456e+16 3.449257233916427e+16
9.143309470440864e+16 3.747117200154403e+16
-1.614889539241021e+17 7.653237949848712e+16
1.493662579501338e+17 4.548702277459205e+16
2.098464668699633e+16 1.364103535541091e+16
3.308900317164692e+16 -6.709135709027189e+16
1.139677650484616e+17 -4.427240895408846e+16
-2.252516492688241e+16 -2.770939456995287e+17
1.044996282222156e+16 8.473417667319923e+16
-6448972591038020 -1.615208820353133e+17
7.883390157058386e+16 1.569724907934206e+17
-5.021127905539447e+16 -3.744034968438189e+16
-7.437431579619971e+16 -1.522511116289312e+17
-1.077429959211123e+17 -1.984223435568142e+16
-1.164149163282513e+16 7.985062818382518e+16
-3334405236812606 1.346077589697142e+17
1.972573523503307e+17 -1.912040487971895e+16
5.158111618589771e+16 2.479315160688833e+16
-7.472490591376432e+16 -9.312540525977362e+16
8.391722860058485e+16 -9.18582317994463e+16
2.645546810511284e+16 -4.007636143916171e+16
8.240219805927765e+16 -1.177167467590974e+17
7530240300991660 8.924998278779829e+16
-8.128778534505704e+16 -4.32652886217824e+16
-2.567863670854149e+17 1.51316704356066e+17
2.388491834522761e+16 -2.681139399791842e+16
-1.09971132578051e+17 -3.32667909501038e+16
-2.881172301583294e+16 -1953686860437556
-2.093190041728478e+16 1.53441475065417e+17
-1.204520715453116e+17 -1.018442233686336e+17
4.659825046526376e+16 6.694909337807974e+16
4.996213012171314e+16 -2.004128830687308e+17
-7.917450064209813e+16 1.785122071190492e+17
-3.630797564023224e+16 1.428291962788716e+16
2.678644308936535e+16 1.160552643822298e+16
-4.626373440500808e+16 1.171347172832856e+17
-6.730653348984751e+16 2.829156340078904e+16
-5.966850443275618e+16 -1.138458479971432e+17
-4.110484061275688e+16 1.123264850211304e+17
9.489630477136192e+16 216718839844362.4
-2.581575565810971e+16 -2.618714836527552e+16
-6.453674626563304e+16 -4.138779908029283e+16
3.814230551978509e+16 1.122311899790287e+17
-2.020977565642176e+16 -6.154422399032901e+16
-1.172938674203307e+17 1.328267512201248e+17
7.664180023612738e+16 6.837804932563169e+16
1.229544067243892e+17 -4.354773877630683e+16
2292178016738284 -5.120473291617601e+16
1.424165300019601e+16 -1.501080673072294e+16
8.746148345552206e+16 2.086103000818315e+17
3.545442920311609e+16 -4.756695683153864e+16
1.23240940670788e+17 1.158039032873921e+17
2.91504698454262e+17 1.881044443563189e+17
-3.609823595424691e+16 -1.654937775438304e+16
-4.32496060939349e+16 -7065334884249902
-1.941809955936896e+16 -8.628593568058475e+16
-6.090937889208867e+16 5.944762456979382e+16
-2.804373304415828e+16 2.915872376881365e+16
5.086184063790354e+16 1.063115317402504e+16
-1.431242364789442e+17 9.655678459908416e+16
2.34637733784534e+17 1.415626072475821e+17
-1.215668687072048e+17 -4.917304246270386e+16
-3.064720704954231e+16 3.226417135134376e+16
-4.890789795298194e+16 3.237806246446633e+16
7824741733295806 2.036597178784178e+16
-4.938435060028893e+16 1.550069140523157e+17
-3.391034558271329e+16 -1.053845670960224e+17
-1.692289088234658e+16 3385262124975002
-8.527179067478445e+16 -1.374379629865068e+17
-1.143819606469437e+17 2.052417827448242e+16
-5.027335207233595e+16 -1.375040303282527e+17
1.863120288277141e+16 1.087316240998946e+17
3.905058860098839e+16 -3.706103328618573e+16
2.50787999448888e+17 -1.094545790268883e+17
8297254848786499 5.586697726444369e+16
-1.585455708539414e+17 -1.923622351690864e+17
8.322344688321632e+16 -3.375776442691029e+16
-5.628509294160518e+16 -7.838110164085421e+16
-3.030679663507238e+16 5909760336634699
4.13816850304277e+16 -3.401084496573056e+16
7.23087040990093e+16 6.612234615761861e+16
4.888650755379164e+16 2.89888500507474e+16
9.48511646323463e+16 1202601280814419
2.374345253471821e+17 1.441145036341241e+16
3.784503643628414e+16 8.74837519222025e+16
9.834218053912536e+16 -6.271273937132706e+16
1.440141827187262e+17 3.762016501423812e+16
8.354807854344816e+16 -5152162959847460
712419573984819.9 8.325529079768707e+16
5.560686493876058e+16 -7.902164384957602e+16
7.592071362306246e+16 -2.666162239048357e+16
-7.312777645912259e+16 3.648107987310122e+16
1.287256637992732e+16 9.638010961258542e+16
1.443603844796211e+17 1.331694592214181e+17
-1.401846910680792e+17 8.432762663494262e+16
5.20917610466888e+16 9019118958409506
1015321970220528 -8.094880590077434e+16
-6.306428943443149e+16 -8.522767001651107e+16
6.14001506828117e+16 5.003944570244905e+16
-1.761737048044139e+16 1.577829758066111e+17
2.726549869035696e+16 1.732088670291865e+16
-2.865271060486986e+16 2642309479206552
2.076772904421342e+17 1.37781600137605e+17
-1.708320564546178e+17 -2.631756690359282e+16
-1.679697705053292e+17 -7.075067675204927e+16
2.620350580164082e+17 -6.68916565968938e+16
-8.784053011462214e+16 -2.197364004488098e+16
1.157458448740595e+17 1.25980728568304e+17
1.073304416650893e+16 -9490068500434388
-6.624100123637882e+16 1.193105047250612e+17
-1.14379451187323e+17 6.450183468966132e+16
-3.78262663861911e+16 -4.196364330553849e+16
3.527012692384152e+16 2.923345759517472e+16
8.305034377391878e+16 5.016451845907038e+16
8.336081251658146e+16 6201218814676267
7776756128217048 -963418704280060.6
1.549657930944142e+17 1.54922364609188e+17
-7.023024591359565e+16 4.258983815623914e+16
-1.196667083210992e+16 -2.211384214052991e+17
1.937091116818831e+17 1.270651969587925e+16
8.41169368078347e+16 1.243880091036103e+17
-1.214424715859378e+17 9.499430253068427e+16
-4686519778141083 5.433371663766986e+16
5.71670640875333e+16 -1.856480969720638e+17
-2.782249588670952e+16 -7.66280631465391e+16
1.995085488371594e+17 -8.14101014066251e+16
8.38209890388303e+16 -4.705092612901058e+16
-3.849998783353956e+16 1.343390950527803e+17
2.255226148687518e+16 1.187654665803693e+17
-4759078089676837 9.324929531529005e+16
3.029718998234458e+16 1.616940361747467e+17
-1.986480671524004e+16 -1.703693081249818e+17
-8.345550136854989e+16 2.375946748842924e+16
-1.52884428993558e+17 1.511889823660144e+17
-2.112785849445616e+17 -1.522596198145223e+17
-5.050483998408978e+16 9.681510178825928e+16
-4.965295657991046e+16 1.984868920202924e+16
3.976601116834978e+16 9333964285729362
8.204822962810781e+16 4.275107503486897e+16
-5.74688687793939e+16 4796743477433763
1.267738827676832e+17 1.676342377925716e+16
4553831153821014 1.543147565696732e+17
3.15576306302097e+16 -1.451694178862102e+16
5.961724845559029e+16 -2.193749776770194e+17
-2.933254744693734e+17 -3.16835373827297e+16
-6.893248941868647e+16 -1.590168752469396e+17
-1.042993190499244e+17 -1.232258355925348e+17
1.748001291789505e+17 -8.989513276919947e+16
-307497961029242.2 1.680533710424187e+17
-2.087357144516924e+17 1.525341934915023e+17
2.931391469154482e+16 1.045346943786816e+17
7.318943638899965e+16 9492040143595424
3.394826011262741e+16 5.37091390166742e+16
1.251229938568591e+17 1.536103279000655e+17
-1.344521139209757e+16 -5.321037451652537e+16
-1.779785074243956e+16 4.674507702873116e+16
1.315375279908096e+16 -1.662730773954229e+17
-8121647939412949 3.58970457902131e+16
5.37704006377363e+16 -2.953469093236673e+16
-1.474244284877964e+17 -7.471092906775792e+16
-1754591830524477 6.892064129622974e+16
-1.196053192069529e+17 -7.933177656943638e+16
1.876885110674385e+16 7.670020969160506e+16
-1.678815525499112e+17 -1.985310477306024e+17
-4.619438205567928e+16 6.760667464069184e+16
7.85234930453199e+16 -1.87641675958309e+17
1.791484365629904e+17 7.313959371154542e+16
-4.064967153105594e+16 2.193911027701675e+16
1.993718958787392e+16 1.10911297102939e+16
-1772584566204940 8.767337264664542e+16
3.535146582808578e+16 -8.072042716886413e+16
-4.156539628203897e+16 1.006137568588823e+17
-1.220941672021046e+17 -1.28003027820435e+17
1.100266791285114e+17 1.848382107092324e+17
3.613932959230649e+16 1.2820758753896e+17
-269273949982523.2 6.053155917490622e+16
1.128466608200809e+17 -2558911967559778
4.670012033920614e+16 -4.489745425153176e+16
-5.507506463672658e+16 1.884404579739068e+17
6.884677090156806e+16 -6.780450359620131e+16
5.251190564660181e+16 -5.294728736167019e+16
1.020150720921605e+17 -1.871297343541292e+17
-5.144316876115674e+16 -7.51787403738871e+16
7.75123593564959e+16 -9.837004705077035e+16
-2.883594232376866e+16 4.285641150185032e+16
6.303553113481312e+16 7.224606744615656e+16
9.898865940381974e+16 8.523646666668805e+16
4.862732917180185e+16 3172387708784717
-4.645434783037206e+16 -8.67376943802627e+16
-4.033335037141506e+16 9.196133918577778e+16
-2.977174291445199e+16 8.929919276536192e+16
-1.513222616180741e+17 1.038780699971465e+17
1851296530282710 -2.369740138803871e+16
-7.579189905209501e+16 1.169466380091291e+17
2.373147485586988e+16 -1.590269666491196e+17
-1.866173807670006e+17 3.469352587870365e+16
1.372336201192857e+17 -4.585188954776612e+16
2.535302479167175e+16 -6.523952360257219e+16
-1.239233380442111e+17 -1.939052920816988e+16
-1.528319195944583e+17 7.497086153580435e+16
7.701981463691534e+16 5.826625000657488e+16
-1.03578305416216e+17 1.07147182582311e+16
1.551488469822114e+16 4.832099138409032e+16
2.144724595533154e+16 4.59506670831293e+16
-6150597737819564 1.605708382753212e+17
7.884781449930824e+16 1689212833873842
-4.056574777285638e+16 4.501610205803319e+16
3.841802027564974e+16 1.694359503551316e+16
-7.190123351209426e+16 5701990552473782
-6.684870239813996e+16 8.468511813369277e+16
7740839404423934 6735142799038679
-9.092398223262715e+16 -405099315016247.9
1.140038984988134e+17 1.189587858637308e+17
-1.075261970025101e+16 -8.977065368984845e+16
-1.801926251044987e+17 2.381175414003856e+16
-8.088588684823622e+16 -3.311830230400195e+16
1.100756978720847e+17 -4.807915450634106e+16
-1.629969331070816e+17 -3.236492816549719e+16
2.311003343481196e+16 -8943362505683407
-1.275201296391695e+17 1.337519491659658e+17
-7.069445232017102e+16 8.319782540771109e+16
-7.221061962614168e+16 1.12857266276419e+17
1.351530473766449e+17 9.347653554753632e+16
1.426986976842347e+16 -3.27031064763186e+16
-1.648336190629298e+17 -9.185930962386258e+16
-3.384046898153228e+16 5.028968887116522e+16
1.971643318355678e+17 -4.411525231787123e+16
-1.029612278743028e+17 -6.007621512406869e+16
-1.476197364558009e+17 -3.789225599301175e+16
-1.043544731714288e+17 -1.259048627043408e+17
1.384469875659052e+17 -7.148647105503026e+16
1.298615677685761e+17 -2.283951357342644e+16
-6630880751215706 2.498121179060341e+17
1.113939939689396e+17 1411392624549510
-1.447223789768394e+16 -1.161084930618985e+17
-2.987516173682908e+16 -1.885903834008289e+17
