300
-4871550796908521 1.219845967525912e+17
-4.128543370020509e+16 -6.520524998288876e+16
-7.104108713630834e+16 -1.238605690545651e+17
-5.006279336167389e+16 -4.919786401093584e+16
4.820615345010941e+16 -4.199248719479645e+16
3.976788850562295e+16 -1.92832724752285e+16
-6.419108474517306e+16 1.216125089193841e+16
7604130577615213 2.032850628983203e+16
-3.009031079609344e+16 2764618946774750
2.982460505802572e+16 -9253316939977116
-1.670717435883815e+17 1.118514576892043e+17
-4.783144618886198e+16 -7.919933601882262e+16
1.446182918419649e+17 -3416267427003363
-3.598530199002056e+16 1.024740680806456e+17
1.037245163484022e+17 -2544468900643666
-2.219601470260884e+16 6.555884382323711e+16
2.507818853082902e+16 -1.684983001803339e+17
1.010319451606817e+17 1.428759459149939e+17
8.375986876317714e+16 2.162636073643154e+16
-1.419931557764865e+16 -2.611988238498047e+16
-1.138078241636992e+17 -1.007924993178396e+17
3.486438972027884e+16 -1.107836427708844e+16
1.000429960032929e+17 9.654675637257739e+16
2.26747272433543e+16 -9.733105464374573e+16
1.175385468243351e+17 4.846047534060438e+16
5.608973089590053e+16 -8.224048365290526e+16
1.382371457560361e+16 2.871703290095045e+16
-5.265323282736181e+16 -9.855268807823704e+16
-4.335017742854068e+16 -3.960670206430202e+16
1.751759884866559e+17 1.803714904823529e+16
-1.824079007056915e+17 1.16153000449939e+17
-5.64730762133164e+16 -1.60713938329122e+17
-2.421332180657971e+16 5.523908790222076e+16
-1.229086250900664e+17 5.55419153001374e+16
-2.926798157182916e+16 -2.96825262633335e+16
1.821241218302057e+16 7.257863145963861e+16
6.783561476218385e+16 -9.241666531547382e+16
7.075599296664674e+16 -1.202138488799064e+17
8.792511638489467e+16 1.015003156401681e+17
-6.747259551579744e+16 -5.040864151632193e+16
-1.502854551686592e+17 8.027593038701821e+16
5810897791621665 -5.201242852144546e+16
-3105215127047322 5.502185638395642e+16
3.938809578799752e+16 6.946692123486595e+16
-2.329953879644587e+16 -1.388960724853315e+17
2.533821965246563e+16 5.193720278110051e+16
-1.041044643080252e+17 -9.300063761675072e+16
-7.314484260162584e+16 1.122273106649611e+17
2.276213412539461e+17 1.387477040720252e+17
-1.191756517432218e+17 -1.279462115599359e+17
-1.239794490154488e+17 8.025811612573619e+16
9.303422500837346e+16 -7.313012257947194e+16
-1.643899739669707e+17 -1.439049071630037e+17
-1.378117205233112e+17 5.913786520836823e+16
1.18192330295548e+17 -6.431876234633941e+16
2.81840038853568e+16 9.897044299701282e+16
-4.529225723199297e+16 -8592189794502809
1824952403792269 -1.608166638980502e+17
6.022758178540468e+16 -1.070650590999605e+16
9.741705771064243e+16 -7.987780609819237e+16
-1.194751096480227e+17 -6.77005735948332e+16
3.266484295274335e+16 -2.26824409818318e+16
3.92985868584537e+16 -5.720616257100975e+16
-6.907697242193062e+16 -1.686220870137757e+17
2.189548130434953e+17 1.178426835538985e+17
-2.099057428901717e+17 -1.814417549760648e+16
-7383849287175408 -9.343576282262525e+16
1.513006770653444e+17 -1.96564542415427e+16
-3.656875571200106e+16 -4.5446807673475e+16
-2.549586734526345e+16 -9.921524385949619e+16
2.392211508406025e+17 1.139967115393016e+17
-103162101066234.4 7.797182889361171e+16
-4.700074492531415e+16 -2501268585235400
5.529701986335071e+16 169188665363121.7
-1.583958132149404e+16 389925016650340.1
-2.46795563349595e+16 9.942764726160162e+16
1.005327740969804e+17 -6.591756633893203e+16
-1.021958434690132e+17 -5.42857720800121e+16
-4.372203176316067e+16 -1.241009894781996e+17
-1.281519853592756e+17 -1.289738010544348e+17
8.021432591373491e+16 6.904920768459118e+16
1.049335227741054e+17 -6.003992490299898e+16
5.958622308048821e+16 -6.619367006301921e+16
6.212816797478899e+16 1.310327058428881e+17
-6.306564956560814e+16 -8.098444156445229e+16
2.682331632053932e+16 -7.802860182384006e+16
1.00086377204924e+16 -1.176754314155018e+17
6.43429233362817e+16 4.526923777878315e+16
-3.628136111493168e+16 -1.004980045372352e+17
-1.472379281938836e+17 -6.452778449410202e+16
-9.570137517167731e+16 7.461246020682186e+16
3.979674380926947e+16 -1.876062286099774e+16
-2710937836538454 3.606917771358802e+16
-2.803135464531698e+16 -1.542482562542559e+17
-6.14632119299299e+16 -2.341930164747302e+17
-1.41039909210828e+17 4.26093114711904e+16
-9.20501010802443e+16 -5.006789038564744e+16
-8.062173517688349e+16 -2.265916138723282e+16
4.808564437202601e+16 -9.865754109660211e+16
8.028657495442515e+16 1.396876979769555e+16
-4.414022097966946e+16 4.205093718781971e+16
2.56306327207211e+17 -3.42357468384518e+16
-2.859150572664942e+16 6.090894552019617e+16
-1.496858447023684e+17 -7982767757871605
1885621513731933 6.69007448966468e+16
-9453350652074226 -6.068463723898375e+16
-7.764075730686027e+16 -4.820230955391976e+16
-7.115730597323092e+16 1.214538476595546e+16
-5.676723658295127e+16 9.463024484583205e+16
-2.384073208655107e+16 -4.094727763792733e+16
1.061580651505872e+17 -4.380523595237113e+16
-1.70384307342682e+17 -4.784623612771696e+16
-3.940858873579586e+16 1.664525865167142e+17
3.416544786682514e+16 8952852271902781
2.188817158507334e+16 -1.858776593682575e+17
-1.058059883351175e+17 8.731794925879683e+16
-3.641636856907688e+16 2.870937328943546e+16
-7.886319980195986e+16 2.886655161514651e+16
-9.162607319488928e+16 -2.757545581075888e+16
-1.663929812696827e+17 1.083687635535176e+17
-5.129166508781813e+16 7.055991294204526e+16
-1.195266853995064e+17 1.004127848914279e+17
2.573224039045587e+17 -3638763736514583
7.81991939448519e+16 -4.484151854730136e+16
2.921720802664978e+16 -2.700055225286824e+16
-1.184336341632217e+17 9.597083438294582e+16
-7535082660617257 -1.712122829323357e+16
1.326141955655194e+17 -6.538886633579774e+16
1.654425284780714e+16 1.054661166665104e+17
1.421778811942074e+17 7.195924781125082e+16
-3.134268401659873e+16 2.146564114416429e+16
1.288789059045257e+17 -2.165879547479493e+17
-1.574792574923614e+17 7.680928557812898e+16
5.725358227285099e+16 1.681701657167088e+17
3.330948509495398e+16 1.32550724563218e+17
7.891068335016672e+16 5472731216097024
-1.785218349126898e+17 -1.802020956183987e+17
-3659375172685122 6.930503743139076e+16
2.057588617129918e+17 -2.672865936481308e+16
2.39087187492149e+17 -6.595056675850474e+16
-3.079877818523714e+16 -7459264313663838
-8.199766068654182e+16 -9.880628504935083e+16
-1.348039411781363e+17 -1961218159991818
1.020483001194494e+17 4.084467191593146e+16
5759643714478643 1.839706544856142e+17
7.740532713363726e+16 -1.909070031802641e+17
-1.839704996445111e+17 -1.046477421858117e+17
-1.9515199812345e+17 -1.476139462715632e+17
2.892487452190546e+16 1.270015734506619e+17
1.939357075337856e+16 8.409319307181195e+16
1.919344282716478e+17 9.634570208236896e+16
1.194309764030053e+17 5.571220553120882e+16
3.817738796330054e+16 -1.957914597562967e+16
5.00312637838975e+16 -9.97836472069329e+16
1.447816593831202e+17 6.986746231581537e+16
8.839760817034896e+16 -3.094595002808563e+16
-9.160059172229232e+16 -8.125650035467608e+16
-1.38190534743986e+17 -2.122606134490252e+17
2.442664127905144e+17 -7.715164031852827e+16
2.019393490848745e+17 1.129220995190016e+17
-1.352474209623785e+17 3.071833593369662e+16
-1.163370622810736e+17 5423468222526289
-1.271620917583326e+16 1137598273575368
1.208148991191931e+16 -1.465063285789244e+17
1.179465235435693e+16 -4364632193866930
9.012277349692982e+16 -8.859349386828338e+16
-9.975589029873762e+16 -5.072165654017444e+16
1.228470762269023e+17 -7095966349354928
1.989839300549896e+17 -1.167357481429427e+17
-1.526040869975365e+17 2.942390356227229e+17
-1.231163765933281e+17 2.038905052196247e+16
1.100486307372386e+17 -7.59904678996671e+16
-9.558428006168123e+16 -7.141676638931494e+16
1.760739258223577e+17 -5.811498499889821e+16
1.13693624962601e+17 6154089923376248
-4.187316924770365e+16 1.841291343609412e+17
-1.775867207433606e+17 -1.193323738459195e+17
-1.910787704249397e+16 4.61588667451404e+16
-1.324860513879908e+16 9.717406359755306e+16
2.356889177555873e+16 -1.600583584595897e+17
4164031247999305 1.105136456998809e+17
746763569368522.6 4956361359064948
-1.186224898329643e+17 -3.58721196300814e+16
3.841886867386616e+16 -2.168514918320696e+16
-2.470608952929068e+17 -1.035186339867496e+17
-2.305628536235551e+16 -1.464863739020906e+16
-4.963192212490928e+16 1.08567488105855e+16
-1.041766264740741e+17 -1.073334754800543e+17
-9.409778498556491e+16 1.009043834024335e+16
1.2915163082144e+17 -3.711177416059677e+16
-1.123724759372248e+17 -1.029918224028491e+17
-1.894322877483033e+17 -5.381632998565985e+16
-4.068673990697619e+16 -1.144845839762113e+17
1.915637554983182e+16 -4.65396467777355e+16
5.254595167206816e+16 -8.219822637306557e+16
-1.007351722991405e+17 9606813190514518
-1.043805477837654e+17 -9.286683005538685e+16
1.42040959484419e+17 -8.598837499195234e+16
-1.645897584821756e+17 -5.681196115966484e+16
2.455325505913038e+16 9.772563899941237e+16
-1.167147041180522e+17 3099445302647170
-1.716114435922315e+17 1.319355547992219e+17
5.453489964580685e+16 -1.191434363032942e+17
1.596704787189375e+17 -1.088288893059469e+17
7.600032303434013e+16 -1312411208943966
2.548496385741772e+16 6.72690197458871e+16
1.221812418068771e+17 -5.573357577489192e+16
7.453187648952146e+16 1.311082602166316e+16
1.440019227654194e+16 5.039053929658614e+16
2.298585068592679e+16 3.376066567446826e+16
-2.924820044078118e+16 -1.159333469665566e+17
-8.602780622612627e+16 -8.066423949889302e+16
7.183346727358753e+16 7.542497717074864e+16
-4.105191321635268e+16 2.479408510710026e+16
7.94820925060261e+16 -6.832981336385674e+16
3389461229676678 1.975092035305243e+16
7.00609379023469e+16 8.021832959638309e+16
6.164343806121897e+16 -4.022406617112454e+16
6.32474006537261e+16 4.760735934339678e+16
2.365418022792651e+16 -1.404340159208737e+17
-1336165811704792 -9.430830698116251e+16
4.935883814380442e+16 1.833405604259095e+17
1.44185854168075e+17 -8.257712376260344e+16
8.27717216622013e+16 1.097550347388198e+17
-1.027775798672411e+17 -3.456616785870164e+16
1.175009079524273e+16 -1.216510197098319e+17
-1.324964155279966e+17 7.542226575608738e+16
-7.670781525732789e+16 -3.318932576033668e+16
3.085059055236222e+16 1.328302977673132e+17
-2.088893152189294e+17 -6.754274630245341e+16
-781446862045881.8 -5.931387971407562e+16
-1.071391748751318e+17 -6.966046371081347e+16
-5.971942563223394e+16 -1.33116924496337e+17
1.798001921851209e+17 1.126627160493235e+17
4.23146548444915e+16 -1.313364347994586e+17
-2.723181667389527e+16 -8.013239840288934e+16
-1.295938898606974e+17 1.504092187065077e+17
-1.233605092242959e+17 -6.767635544808954e+16
-7.412131206698309e+16 2.682432111337085e+16
1.570699562611841e+16 -1338282585841186
1.390576479834483e+16 -4.373059809222595e+16
7429724787953819 2.730039767503172e+16
8.035539835290386e+16 8.91826190115992e+16
3.871848119176066e+16 -5.181535318023606e+16
1.555068540482017e+17 5512388193675061
-2.785084520121474e+16 1.306960774934454e+17
-1.677658666396469e+17 3.740112116740545e+16
6.683600024003527e+16 -8.819906166067869e+16
-1.130750819953484e+17 4631704043191220
-4.187886928920066e+16 1.201673289540464e+17
4.958475917623036e+16 -1.019672643825522e+17
1.48595143585769e+17 -5.434264600888042e+16
5.382170786718703e+16 -2615579165607029
7.88381908498959e+16 -9610239436772528
-7.268950694949854e+16 -6.548171735682974e+16
-6.123912083822559e+16 8.522882109207189e+16
-6.452539445203234e+16 -1.280248855922115e+17
-6977218828210069 -1.521612057089689e+17
-7.164901123817179e+16 3.30718576687695e+16
-1.161627745311056e+17 -8.103643422559134e+16
2.301728256948445e+16 6.68412797487678e+16
2.382126182147991e+16 -9.880513383602178e+16
1.798339858675978e+16 1.523130552535793e+17
-1.450978109020042e+17 1.230295163782006e+17
-3.047325756783152e+16 -1.376608125840928e+17
2.304733352067566e+17 9.202538555436688e+16
1.490721477493273e+17 -6.613006276509478e+16
1.381967981010181e+17 -1.270219416651685e+17
2.242380416382208e+17 3.373006934826272e+16
-2.370122931456566e+16 1.296315467557382e+16
2731249572029938 -3.800868075359083e+16
-1.383162999779878e+17 -4.110245305244112e+16
1.914048571357087e+17 8.771952970709179e+16
-9412266797967936 -3.657846878775336e+16
-2.039998600899427e+17 6.686767420155198e+16
9.398328865002485e+16 -5.388816422810797e+16
-7.754475408516859e+16 2.996061556422421e+16
-6.464151466229699e+16 -2.795307849452166e+16
-1.593317096492475e+17 1.601247784022423e+17
-2.266568231850132e+17 1.107523492569916e+17
-7050958670233957 1.644155436089784e+17
5.377067349472238e+16 -9.19665447376379e+16
-1.946237804314742e+17 -1.780032068970964e+17
5.555185360883179e+16 2.789996561888442e+16
-9473505306792358 -4.601204774859494e+16
1.678946719311459e+17 1177023030119605
-4740476553197705 1.154947922260334e+17
-1.116558762617227e+17 1.003212328578392e+17
2.661105857175843e+16 4.427496566203146e+16
-1.362245187146716e+17 1.139812202712224e+17
-2.428504643064485e+17 1.598760396761791e+16
-1.78262959474337e+17 -8.477277309552163e+16
4.76508268199923e+16 5.836169568117164e+16
-9.47076124642357e+16 -1.139478453375612e+17
-1.950879710969909e+17 2.144898690393679e+17
-1.19249966643097e+17 3.235635211704847e+17
1.070821963292839e+17 -2.129036154218228e+17
-1.029233028132752e+17 -5263746454870533
-8.945266428357405e+16 -2.804639878671987e+16
-5.373595202395577e+16 2.207538683801957e+16
