300
400 300
400.5773502691897 300.3333333333333
398.8452994616208 300.6666666666667
400 298
402.3094010767585 301.3333333333333
397.1132486540519 301.6666666666667
400 296
404.0414518843274 302.3333333333333
395.381197846483 302.6666666666667
400 294
405.7735026918962 303.3333333333334
393.6491470389141 303.6666666666666
400 292
407.5055534994651 304.3333333333334
391.9170962313452 304.6666666666666
400 290
409.237604307034 305.3333333333334
390.1850454237763 305.6666666666666
400.0000000000001 288
410.9696551146029 306.3333333333334
388.4529946162074 306.6666666666666
400.0000000000001 286
412.7017059221718 307.3333333333334
386.7209438086385 307.6666666666666
400.0000000000001 284
414.4337567297406 308.3333333333334
384.9888930010696 308.6666666666666
400.0000000000001 282
416.1658075373095 309.3333333333334
383.2568421935008 309.6666666666666
400.0000000000001 280
417.8978583448783 310.3333333333335
381.5247913859319 310.6666666666665
400.0000000000001 278
419.6299091524472 311.3333333333334
379.792740578363 311.6666666666664
400.0000000000003 276
421.3619599600161 312.3333333333335
378.0606897707942 312.6666666666665
400.0000000000001 274
423.0940107675848 313.3333333333337
376.3286389632252 313.6666666666663
400.0000000000003 272
424.8260615751538 314.3333333333335
374.5965881556564 314.6666666666665
400.0000000000001 270
426.5581123827225 315.3333333333337
372.8645373480874 315.6666666666663
400.0000000000003 268
428.2901631902915 316.3333333333335
371.1324865405186 316.6666666666665
400.0000000000006 266
430.0222139978603 317.3333333333338
369.4004357329496 317.6666666666663
400.0000000000003 264
431.7542648054293 318.3333333333335
367.6683849253808 318.6666666666665
400.0000000000006 262
433.486315612998 319.3333333333338
365.9363341178118 319.6666666666663
400.0000000000004 260
435.218366420567 320.3333333333336
364.2042833102428 320.666666666666
400.0000000000001 258
436.9504172281357 321.3333333333338
362.4722325026738 321.6666666666657
400.0000000000004 256
438.6824680357045 322.3333333333341
360.7401816951054 322.6666666666665
400.0000000000007 254
440.4145188432732 323.3333333333345
359.0081308875363 323.6666666666662
400.0000000000011 252
442.1465696508425 324.3333333333336
357.2760800799672 324.6666666666659
400.0000000000015 250
443.8786204584112 325.3333333333339
355.5440292723982 325.6666666666656
400.0000000000004 248
445.6106712659799 326.3333333333342
353.8119784648291 326.6666666666652
400.0000000000008 246
447.3427220735486 327.3333333333346
352.0799276572608 327.6666666666662
400.0000000000012 244
449.0747728811181 328.3333333333336
350.3478768496917 328.6666666666658
400.0000000000016 242
450.8068236886867 329.3333333333339
348.6158260421226 329.6666666666655
400.0000000000004 240
452.5388744962554 330.3333333333343
346.8837752345535 330.666666666665
400.0000000000009 238
454.270925303824 331.3333333333347
345.1517244269853 331.6666666666662
400.0000000000013 236
456.0029761113926 332.3333333333351
343.4196736194162 332.6666666666658
400.0000000000018 234
457.7350269189622 333.3333333333339
341.6876228118471 333.6666666666654
400.0000000000023 232
459.4670777265309 334.3333333333344
339.9555720042779 334.6666666666649
400.0000000000009 230
461.1991285340995 335.3333333333348
338.2235211967088 335.6666666666644
400.0000000000014 228
462.9311793416681 336.3333333333353
336.4914703891407 336.6666666666657
400.0000000000019 226
464.6632301492377 337.333333333334
334.7594195815715 337.6666666666653
400.0000000000026 224
466.3952809568063 338.3333333333345
333.0273687740023 338.6666666666648
400.0000000000009 222
468.127331764375 339.333333333335
331.2953179664331 339.6666666666642
400.0000000000015 220
469.8593825719435 340.3333333333355
329.5632671588651 340.6666666666657
400.0000000000021 218
471.5914333795121 341.333333333336
327.8312163512948 341.6666666666631
400.0000000000003 216
473.3234841870818 342.3333333333345
326.0991655437267 342.6666666666646
400.0000000000034 214
475.0555349946492 343.3333333333372
324.3671147361588 343.6666666666662
400.0000000000015 212
476.7875858022189 344.3333333333356
322.6350639285883 344.6666666666635
400.0000000000048 210
478.5196366097887 345.3333333333339
320.9030131210204 345.6666666666651
400.0000000000029 208
480.251687417356 346.3333333333368
319.1709623134498 346.6666666666623
400.0000000000009 206
481.9837382249258 347.3333333333351
317.4389115058819 347.6666666666639
400.0000000000043 204
483.715789032493 348.3333333333381
315.7068606983141 348.6666666666657
400.0000000000023 202
485.4478398400629 349.3333333333363
313.9748098907434 349.6666666666626
400.0000000000059 200
487.1798906476328 350.3333333333345
312.2427590831756 350.6666666666644
400.0000000000038 198
488.9119414551999 351.3333333333377
310.5107082756049 351.6666666666612
400.0000000000016 196
490.6439922627698 352.3333333333358
308.7786574680371 352.6666666666631
400.0000000000054 194
492.3760430703368 353.3333333333392
307.0466066604693 353.666666666665
400.0000000000032 192
494.1080938779068 354.3333333333372
305.3145558528985 354.6666666666616
400.0000000000009 190
495.8401446854768 355.3333333333352
303.5825050453308 355.6666666666637
400.0000000000048 188
497.5721954930436 356.3333333333387
301.8504542377631 356.6666666666657
400.0000000000024 186
499.3042463006137 357.3333333333367
300.1184034301921 357.6666666666621
400.0000000000066 184
501.0362971081838 358.3333333333345
298.3863526226245 358.6666666666643
400.0000000000041 182
502.7683479157506 359.3333333333381
296.6543018150535 359.6666666666606
400.0000000000016 180
504.5003987233207 360.333333333336
294.9222510074858 360.6666666666628
400.000000000006 178
506.2324495308874 361.3333333333398
293.1902001999183 361.666666666665
400.0000000000034 176
507.9645003384576 362.3333333333376
291.4581493923472 362.6666666666611
400.0000000000079 174
509.6965511460278 363.3333333333352
289.7260985847796 363.6666666666634
400.0000000000053 172
511.4286019535944 364.3333333333392
287.9940477772084 364.6666666666594
400.0000000000026 170
513.1606527611646 365.3333333333369
286.2619969696409 365.6666666666617
400.0000000000072 168
514.8927035687311 366.333333333341
284.5299461620734 366.6666666666642
400.0000000000045 166
516.6247543763013 367.3333333333386
282.7978953545021 367.66666666666
400.0000000000093 164
518.3568051838716 368.3333333333361
281.0658445469347 368.6666666666625
400.0000000000065 162
520.0888559914381 369.3333333333404
279.3337937393633 369.6666666666582
400.0000000000036 160
521.8209067990084 370.3333333333379
277.6017429317959 370.6666666666607
400.0000000000086 158
523.5529576065748 371.3333333333423
275.8696921242285 371.6666666666633
400.0000000000056 156
525.2850084141451 372.3333333333397
274.137641316657 372.6666666666588
400.0000000000109 154
527.0170592217155 373.3333333333371
272.4055905090897 373.6666666666614
400.0000000000078 152
528.7491100292817 374.3333333333417
270.6735397015224 374.6666666666641
400.0000000000047 150
530.4811608368522 375.3333333333389
268.9414888939508 375.6666666666595
400.0000000000101 148
532.2132116444227 376.3333333333362
267.2094380863836 376.6666666666623
400.0000000000069 146
533.9452624519888 377.3333333333409
265.4773872788119 377.6666666666574
400.0000000000037 144
535.6773132595592 378.3333333333381
263.7453364712446 378.6666666666603
400.0000000000093 142
537.4093640671254 379.333333333343
262.0132856636774 379.6666666666632
400.000000000006 140
539.1414148746959 380.3333333333401
260.2812348561057 380.6666666666582
400.0000000000118 138
540.8734656822664 381.3333333333372
258.5491840485338 381.6666666666531
400.0000000000084 136
542.6055164898371 382.3333333333342
256.8171332409667 382.666666666656
400.0000000000049 134
544.3375672973982 383.3333333333475
255.0850824333995 383.666666666659
400.0000000000013 132
546.0696181049689 384.3333333333445
253.3530316258324 384.6666666666621
400.000000000017 130
547.8016689125395 385.3333333333414
251.6209808182653 385.6666666666652
400.0000000000135 128
549.5337197201102 386.3333333333383
249.8889300106885 386.6666666666514
400.0000000000099 126
551.2657705276808 387.3333333333351
248.1568792031214 387.6666666666545
400.0000000000062 124
552.9978213352416 388.3333333333492
246.4248283955543 388.6666666666576
400.0000000000024 122
554.7298721428124 389.333333333346
244.6927775879873 389.6666666666609
400.000000000019 120
556.461922950383 390.3333333333428
242.9607267804204 390.6666666666642
400.0000000000153 118
558.1939737579539 391.3333333333395
241.228675972843 391.6666666666496
400.0000000000115 116
559.9260245655247 392.3333333333362
239.496625165276 392.6666666666528
400.0000000000077 114
561.658075373085 393.333333333351
237.7645743577091 393.6666666666562
400.0000000000037 112
563.3901261806558 394.3333333333478
236.0325235501422 394.6666666666596
400.0000000000212 110
565.1221769882266 395.3333333333443
234.3004727425753 395.6666666666631
400.0000000000173 108
566.8542277957974 396.3333333333409
232.5684219349975 396.6666666666476
400.0000000000133 106
568.5862786033684 397.3333333333373
230.8363711274307 397.6666666666511
400.0000000000092 104
570.3183294109282 398.333333333353
229.1043203198638 398.6666666666546
400.0000000000051 102
572.0503802184992 399.3333333333495
227.372269512297 399.6666666666582
